time,price,volume,match_type,id
2025-03-05 09:15:00,37400.0,27800,ATO/ATC,275675462
2025-03-05 09:15:04,37300.0,200,Sell,275675829
2025-03-05 09:15:04,37300.0,200,Sell,275675828
2025-03-05 09:15:04,37300.0,200,Sell,275675827
2025-03-05 09:15:04,37300.0,100,Sell,275675826
2025-03-05 09:15:04,37300.0,100,Sell,275675825
2025-03-05 09:15:04,37300.0,100,Sell,275675824
2025-03-05 09:15:04,37300.0,100,Sell,275675823
2025-03-05 09:15:04,37300.0,1000,Sell,275675822
2025-03-05 09:15:04,37300.0,500,Sell,275675821
2025-03-05 09:15:04,37300.0,3100,Sell,275675820
2025-03-05 09:15:04,37350.0,200,Sell,275675819
2025-03-05 09:15:04,37350.0,100,Sell,275675818
2025-03-05 09:15:04,37350.0,100,Sell,275675817
2025-03-05 09:15:04,37400.0,100,Sell,275675816
2025-03-05 09:15:04,37400.0,1000,Sell,275675815
2025-03-05 09:15:04,37400.0,100,Sell,275675799
2025-03-05 09:15:04,37400.0,500,Sell,275675813
2025-03-05 09:15:04,37400.0,100,Sell,275675800
2025-03-05 09:15:04,37400.0,100,Sell,275675801
2025-03-05 09:15:04,37400.0,100,Sell,275675802
2025-03-05 09:15:04,37400.0,100,Sell,275675803
2025-03-05 09:15:04,37400.0,100,Sell,275675804
2025-03-05 09:15:04,37400.0,100,Sell,275675805
2025-03-05 09:15:04,37400.0,1000,Sell,275675814
2025-03-05 09:15:04,37400.0,100,Sell,275675807
2025-03-05 09:15:04,37400.0,100,Sell,275675812
2025-03-05 09:15:04,37400.0,100,Sell,275675811
2025-03-05 09:15:04,37400.0,100,Sell,275675806
2025-03-05 09:15:04,37400.0,100,Sell,275675809
2025-03-05 09:15:04,37400.0,100,Sell,275675808
2025-03-05 09:15:04,37400.0,100,Sell,275675810
2025-03-05 09:15:15,37400.0,100,Sell,275676043
2025-03-05 09:15:32,37250.0,100,Sell,275676350
2025-03-05 09:15:32,37250.0,400,Sell,275676351
2025-03-05 09:15:32,37250.0,1000,Sell,275676352
2025-03-05 09:15:32,37250.0,100,Sell,275676353
2025-03-05 09:15:33,37250.0,100,Buy,275676381
2025-03-05 09:15:44,37250.0,300,Buy,275676605
2025-03-05 09:15:44,37250.0,500,Buy,275676606
2025-03-05 09:15:55,37300.0,100,Sell,275676850
2025-03-05 09:16:04,37400.0,100,Buy,275677181
2025-03-05 09:16:04,37400.0,1900,Buy,275677179
2025-03-05 09:16:04,37400.0,2000,Buy,275677180
2025-03-05 09:16:14,37450.0,3500,Buy,275677450
2025-03-05 09:16:14,37450.0,100,Buy,275677451
2025-03-05 09:16:14,37450.0,500,Buy,275677452
2025-03-05 09:16:14,37450.0,200,Buy,275677453
2025-03-05 09:16:14,37450.0,700,Buy,275677454
2025-03-05 09:16:18,37450.0,19300,Buy,275677535
2025-03-05 09:16:18,37450.0,100,Buy,275677536
2025-03-05 09:16:18,37450.0,600,Buy,275677537
2025-03-05 09:16:25,37450.0,300,Buy,275677726
2025-03-05 09:16:25,37450.0,100,Buy,275677727
2025-03-05 09:16:25,37450.0,100,Buy,275677728
2025-03-05 09:16:50,37500.0,100,Buy,275678387
2025-03-05 09:16:50,37500.0,200,Buy,275678385
2025-03-05 09:16:50,37500.0,2500,Buy,275678388
2025-03-05 09:16:50,37500.0,200,Buy,275678383
2025-03-05 09:16:50,37500.0,500,Buy,275678384
2025-03-05 09:16:50,37500.0,10000,Buy,275678381
2025-03-05 09:16:50,37500.0,300,Buy,275678386
2025-03-05 09:16:50,37500.0,400,Buy,275678382
2025-03-05 09:17:03,37500.0,100,Buy,275678720
2025-03-05 09:17:06,37500.0,10000,Buy,275678814
2025-03-05 09:17:19,37500.0,5000,Buy,275679167
2025-03-05 09:17:19,37500.0,2400,Buy,275679176
2025-03-05 09:17:19,37500.0,500,Buy,275679177
2025-03-05 09:17:24,37500.0,500,Buy,275679306
2025-03-05 09:17:34,37500.0,200,Sell,275679631
2025-03-05 09:17:41,37500.0,100,Sell,275679764
2025-03-05 09:17:44,37500.0,300,Sell,275679827
2025-03-05 09:17:48,37500.0,100,Sell,275679917
2025-03-05 09:17:48,37550.0,100,Buy,275679918
2025-03-05 09:17:48,37550.0,100,Buy,275679919
2025-03-05 09:17:48,37550.0,4300,Buy,275679920
2025-03-05 09:17:59,37550.0,5000,Buy,275680291
2025-03-05 09:18:01,37550.0,500,Buy,275680373
2025-03-05 09:18:02,37550.0,100,Buy,275680402
2025-03-05 09:18:05,37550.0,3900,Buy,275680492
2025-03-05 09:18:08,37550.0,2500,Buy,275680533
2025-03-05 09:18:09,37550.0,100,Buy,275680544
2025-03-05 09:18:09,37550.0,3000,Buy,275680549
2025-03-05 09:18:17,37550.0,400,Buy,275680760
2025-03-05 09:18:18,37550.0,100,Buy,275680795
2025-03-05 09:19:00,37500.0,1900,Sell,275681910
2025-03-05 09:19:00,37500.0,800,Sell,275681909
2025-03-05 09:19:00,37500.0,1000,Sell,275681906
2025-03-05 09:19:00,37500.0,1000,Sell,275681907
2025-03-05 09:19:00,37500.0,800,Sell,275681905
2025-03-05 09:19:00,37500.0,100,Sell,275681908
2025-03-05 09:19:02,37550.0,100,Buy,275682003
2025-03-05 09:19:10,37550.0,2000,Buy,275682244
2025-03-05 09:19:15,37500.0,500,Sell,275682358
2025-03-05 09:19:25,37550.0,100,Buy,275682703
2025-03-05 09:19:26,37500.0,200,Sell,275682739
2025-03-05 09:19:26,37500.0,7600,Sell,275682738
2025-03-05 09:19:26,37500.0,2000,Sell,275682740
2025-03-05 09:19:31,37500.0,200,Buy,275682855
2025-03-05 09:19:33,37500.0,800,Sell,275682939
2025-03-05 09:19:54,37500.0,1000,Buy,275683512
2025-03-05 09:19:59,37450.0,1000,Sell,275683623
2025-03-05 09:19:59,37450.0,900,Sell,275683624
2025-03-05 09:19:59,37450.0,1400,Sell,275683625
2025-03-05 09:19:59,37450.0,400,Sell,275683626
2025-03-05 09:19:59,37450.0,500,Sell,275683627
2025-03-05 09:19:59,37450.0,100,Sell,275683628
2025-03-05 09:19:59,37450.0,7000,Sell,275683629
2025-03-05 09:19:59,37450.0,200,Sell,275683630
2025-03-05 09:19:59,37450.0,300,Sell,275683631
2025-03-05 09:20:00,37450.0,1000,Buy,275683649
2025-03-05 09:20:13,37450.0,700,Buy,275683997
2025-03-05 09:20:22,37450.0,100,Buy,275684208
2025-03-05 09:20:26,37400.0,1000,Sell,275684279
2025-03-05 09:20:26,37400.0,1000,Sell,275684280
2025-03-05 09:20:26,37400.0,1400,Sell,275684281
2025-03-05 09:20:26,37400.0,500,Sell,275684282
2025-03-05 09:20:26,37400.0,300,Sell,275684283
2025-03-05 09:20:33,37400.0,100,Buy,275684462
2025-03-05 09:20:33,37400.0,1400,Buy,275684463
2025-03-05 09:20:42,37400.0,1000,Buy,275684726
2025-03-05 09:20:45,37400.0,600,Buy,275684818
2025-03-05 09:20:45,37400.0,400,Buy,275684819
2025-03-05 09:21:05,37400.0,300,Buy,275685423
2025-03-05 09:21:05,37400.0,100,Buy,275685424
2025-03-05 09:21:17,37400.0,200,Sell,275685831
2025-03-05 09:21:28,37400.0,300,Sell,275686131
2025-03-05 09:21:28,37400.0,1000,Sell,275686130
2025-03-05 09:21:28,37400.0,500,Sell,275686128
2025-03-05 09:21:28,37400.0,1000,Sell,275686129
2025-03-05 09:21:28,37400.0,900,Sell,275686127
2025-03-05 09:22:02,37400.0,400,Buy,275687110
2025-03-05 09:22:39,37400.0,100,Sell,275688012
2025-03-05 09:22:39,37400.0,200,Sell,275688013
2025-03-05 09:23:31,37400.0,200,Buy,275689447
2025-03-05 09:23:37,37350.0,100,Sell,275689568
2025-03-05 09:23:54,37350.0,300,Sell,275689899
2025-03-05 09:24:08,37350.0,100,Sell,275690242
2025-03-05 09:24:08,37350.0,100,Sell,275690243
2025-03-05 09:24:08,37350.0,1500,Sell,275690244
2025-03-05 09:24:08,37350.0,500,Sell,275690245
2025-03-05 09:24:08,37350.0,200,Sell,275690246
2025-03-05 09:24:08,37350.0,400,Sell,275690247
2025-03-05 09:24:08,37350.0,900,Sell,275690241
2025-03-05 09:24:15,37350.0,100,Buy,275690437
2025-03-05 09:24:18,37350.0,200,Buy,275690516
2025-03-05 09:24:20,37350.0,500,Buy,275690569
2025-03-05 09:24:22,37300.0,200,Sell,275690601
2025-03-05 09:24:44,37350.0,100,Buy,275691121
2025-03-05 09:25:03,37350.0,400,Buy,275691594
2025-03-05 09:25:03,37350.0,100,Buy,275691595
2025-03-05 09:25:40,37300.0,100,Sell,275692867
2025-03-05 09:25:40,37250.0,22600,Sell,275692878
2025-03-05 09:25:40,37250.0,4100,Sell,275692877
2025-03-05 09:25:40,37250.0,200,Sell,275692876
2025-03-05 09:25:40,37250.0,100,Sell,275692875
2025-03-05 09:25:40,37250.0,500,Sell,275692874
2025-03-05 09:25:40,37300.0,500,Sell,275692873
2025-03-05 09:25:40,37300.0,500,Sell,275692872
2025-03-05 09:25:40,37300.0,600,Sell,275692871
2025-03-05 09:25:40,37300.0,200,Sell,275692870
2025-03-05 09:25:40,37300.0,200,Sell,275692868
2025-03-05 09:25:40,37300.0,200,Sell,275692866
2025-03-05 09:25:40,37300.0,500,Sell,275692869
2025-03-05 09:25:40,37300.0,100,Sell,275692864
2025-03-05 09:25:40,37300.0,100,Sell,275692854
2025-03-05 09:25:40,37300.0,1000,Sell,275692855
2025-03-05 09:25:40,37300.0,300,Sell,275692856
2025-03-05 09:25:40,37300.0,100,Sell,275692857
2025-03-05 09:25:40,37300.0,300,Sell,275692858
2025-03-05 09:25:40,37300.0,2000,Sell,275692865
2025-03-05 09:25:40,37300.0,200,Sell,275692860
2025-03-05 09:25:40,37300.0,100,Sell,275692861
2025-03-05 09:25:40,37300.0,10000,Sell,275692862
2025-03-05 09:25:40,37300.0,4800,Sell,275692853
2025-03-05 09:25:40,37300.0,1700,Sell,275692863
2025-03-05 09:25:40,37300.0,11000,Sell,275692859
2025-03-05 09:25:48,37300.0,100,Sell,275693020
2025-03-05 09:25:52,37300.0,600,Sell,275693243
2025-03-05 09:25:52,37300.0,200,Sell,275693244
2025-03-05 09:25:53,37300.0,2500,Buy,275693274
2025-03-05 09:26:02,37300.0,5000,Buy,275693497
2025-03-05 09:26:06,37250.0,1600,Sell,275693650
2025-03-05 09:26:06,37250.0,1000,Sell,275693649
2025-03-05 09:26:06,37250.0,200,Sell,275693648
2025-03-05 09:26:06,37250.0,7400,Sell,275693647
2025-03-05 09:26:12,37250.0,1300,Sell,275693835
2025-03-05 09:26:12,37250.0,500,Sell,275693836
2025-03-05 09:26:12,37250.0,100,Sell,275693837
2025-03-05 09:26:13,37250.0,5000,Buy,275693860
2025-03-05 09:26:15,37250.0,600,Buy,275693907
2025-03-05 09:26:29,37250.0,2500,Buy,275694256
2025-03-05 09:26:29,37250.0,2500,Buy,275694257
2025-03-05 09:26:30,37250.0,1200,Buy,275694299
2025-03-05 09:26:37,37200.0,500,Sell,275694526
2025-03-05 09:26:37,37200.0,500,Sell,275694525
2025-03-05 09:26:37,37200.0,3500,Sell,275694527
2025-03-05 09:26:37,37200.0,100,Sell,275694523
2025-03-05 09:26:37,37200.0,200,Sell,275694522
2025-03-05 09:26:37,37200.0,100,Sell,275694524
2025-03-05 09:26:37,37200.0,100,Sell,275694521
2025-03-05 09:26:42,37250.0,1000,Buy,275694633
2025-03-05 09:26:45,37250.0,300,Buy,275694708
2025-03-05 09:27:03,37300.0,300,Buy,275695350
2025-03-05 09:27:03,37300.0,1700,Buy,275695349
2025-03-05 09:27:07,37300.0,200,Buy,275695418
2025-03-05 09:27:07,37300.0,100,Buy,275695419
2025-03-05 09:27:15,37300.0,700,Sell,275695693
2025-03-05 09:27:15,37300.0,1800,Sell,275695694
2025-03-05 09:27:52,37300.0,900,Sell,275696909
2025-03-05 09:27:52,37300.0,4100,Sell,275696910
2025-03-05 09:27:55,37350.0,2800,Buy,275696991
2025-03-05 09:28:35,37300.0,900,Sell,275697927
2025-03-05 09:28:35,37300.0,100,Sell,275697928
2025-03-05 09:28:42,37300.0,500,Sell,275698068
2025-03-05 09:28:53,37300.0,1400,Sell,275698348
2025-03-05 09:28:53,37300.0,500,Sell,275698349
2025-03-05 09:28:54,37300.0,1500,Buy,275698405
2025-03-05 09:28:58,37300.0,1600,Buy,275698493
2025-03-05 09:29:12,37300.0,1400,Sell,275698864
2025-03-05 09:29:12,37300.0,900,Sell,275698865
2025-03-05 09:29:32,37300.0,300,Buy,275699410
2025-03-05 09:29:32,37300.0,700,Buy,275699409
2025-03-05 09:29:34,37300.0,1100,Buy,275699458
2025-03-05 09:29:42,37300.0,700,Buy,275699755
2025-03-05 09:29:47,37300.0,200,Buy,275699897
2025-03-05 09:29:54,37300.0,700,Buy,275700115
2025-03-05 09:29:54,37300.0,900,Buy,275700116
2025-03-05 09:30:06,37300.0,1100,Sell,275700516
2025-03-05 09:30:06,37300.0,900,Sell,275700517
2025-03-05 09:30:08,37350.0,2400,Buy,275700544
2025-03-05 09:30:08,37350.0,5000,Buy,275700545
2025-03-05 09:30:08,37350.0,2600,Buy,275700546
2025-03-05 09:30:08,37350.0,400,Buy,275700548
2025-03-05 09:30:18,37350.0,1400,Buy,275700827
2025-03-05 09:30:48,37350.0,200,Buy,275701647
2025-03-05 09:30:58,37350.0,3100,Buy,275701930
2025-03-05 09:30:58,37350.0,2000,Buy,275701934
2025-03-05 09:31:05,37350.0,100,Buy,275702091
2025-03-05 09:31:10,37350.0,8200,Buy,275702235
2025-03-05 09:31:10,37350.0,1500,Buy,275702236
2025-03-05 09:31:10,37350.0,10100,Buy,275702237
2025-03-05 09:31:10,37350.0,200,Buy,275702234
2025-03-05 09:31:13,37350.0,4900,Buy,275702315
2025-03-05 09:31:13,37350.0,100,Buy,275702316
2025-03-05 09:31:15,37350.0,900,Buy,275702445
2025-03-05 09:31:29,37400.0,400,Buy,275702815
2025-03-05 09:31:40,37400.0,300,Buy,275703105
2025-03-05 09:31:52,37400.0,600,Buy,275703413
2025-03-05 09:31:54,37400.0,100,Buy,275703491
2025-03-05 09:32:05,37400.0,1500,Buy,275703812
2025-03-05 09:32:08,37400.0,200,Buy,275703887
2025-03-05 09:32:08,37400.0,1200,Buy,275703886
2025-03-05 09:32:08,37400.0,500,Buy,275703885
2025-03-05 09:32:08,37400.0,100,Buy,275703883
2025-03-05 09:32:08,37400.0,1600,Buy,275703881
2025-03-05 09:32:08,37400.0,900,Buy,275703884
2025-03-05 09:32:08,37400.0,500,Buy,275703882
2025-03-05 09:32:13,37400.0,500,Buy,275704000
2025-03-05 09:32:14,37400.0,300,Buy,275704009
2025-03-05 09:32:36,37450.0,200,Buy,275704653
2025-03-05 09:32:46,37450.0,1200,Buy,275704974
2025-03-05 09:32:47,37450.0,100,Buy,275704987
2025-03-05 09:32:52,37450.0,100,Buy,275705119
2025-03-05 09:32:55,37450.0,2700,Buy,275705250
2025-03-05 09:32:55,37450.0,1000,Buy,275705251
2025-03-05 09:32:58,37450.0,1000,Buy,275705348
2025-03-05 09:32:59,37450.0,2600,Buy,275705361
2025-03-05 09:33:15,37450.0,2000,Buy,275705842
2025-03-05 09:33:15,37450.0,1100,Buy,275705840
2025-03-05 09:33:15,37450.0,1000,Buy,275705841
2025-03-05 09:33:22,37400.0,4400,Sell,275705961
2025-03-05 09:33:22,37400.0,500,Sell,275705959
2025-03-05 09:33:22,37400.0,100,Sell,275705960
2025-03-05 09:33:30,37450.0,100,Buy,275706202
2025-03-05 09:33:49,37450.0,500,Buy,275706720
2025-03-05 09:34:02,37450.0,400,Buy,275707101
2025-03-05 09:34:02,37450.0,100,Buy,275707102
2025-03-05 09:34:12,37450.0,900,Buy,275707342
2025-03-05 09:34:12,37450.0,1000,Buy,275707343
2025-03-05 09:34:12,37450.0,800,Buy,275707344
2025-03-05 09:34:12,37450.0,100,Buy,275707345
2025-03-05 09:34:19,37450.0,700,Buy,275707587
2025-03-05 09:34:19,37450.0,4300,Buy,275707588
2025-03-05 09:34:26,37450.0,700,Buy,275707813
2025-03-05 09:34:46,37450.0,100,Buy,275708337
2025-03-05 09:34:47,37400.0,500,Sell,275708350
2025-03-05 09:34:54,37450.0,4900,Buy,275708619
2025-03-05 09:34:54,37450.0,10000,Buy,275708620
2025-03-05 09:36:09,37500.0,200,Buy,275711327
2025-03-05 09:36:13,37500.0,5000,Buy,275711540
2025-03-05 09:36:30,37500.0,5000,Buy,275712455
2025-03-05 09:36:45,37500.0,300,Buy,275713061
2025-03-05 09:36:50,37450.0,2000,Sell,275713366
2025-03-05 09:36:52,37500.0,200,Buy,275713417
2025-03-05 09:37:00,37500.0,2000,Buy,275713669
2025-03-05 09:37:06,37500.0,500,Buy,275714209
2025-03-05 09:37:09,37500.0,2000,Buy,275714421
2025-03-05 09:37:20,37450.0,5000,Sell,275714962
2025-03-05 09:37:29,37500.0,4600,Buy,275715625
2025-03-05 09:37:37,37500.0,200,Buy,275715996
2025-03-05 09:37:39,37500.0,200,Buy,275716025
2025-03-05 09:37:54,37500.0,100,Buy,275716718
2025-03-05 09:37:56,37500.0,400,Buy,275716760
2025-03-05 09:38:21,37500.0,100,Buy,275717619
2025-03-05 09:38:25,37450.0,900,Sell,275717713
2025-03-05 09:38:25,37450.0,5000,Sell,275717712
2025-03-05 09:38:25,37450.0,100,Sell,275717711
2025-03-05 09:38:25,37450.0,700,Sell,275717708
2025-03-05 09:38:25,37450.0,100,Sell,275717709
2025-03-05 09:38:25,37450.0,100,Sell,275717710
2025-03-05 09:38:25,37450.0,8100,Sell,275717707
2025-03-05 09:38:39,37450.0,100,Sell,275718375
2025-03-05 09:38:39,37450.0,2900,Sell,275718376
2025-03-05 09:38:43,37450.0,300,Sell,275718644
2025-03-05 09:38:48,37450.0,1800,Sell,275718923
2025-03-05 09:38:48,37450.0,1000,Sell,275718924
2025-03-05 09:38:48,37450.0,100,Sell,275718925
2025-03-05 09:38:48,37450.0,200,Sell,275718926
2025-03-05 09:38:48,37450.0,200,Sell,275718927
2025-03-05 09:38:48,37450.0,1700,Sell,275718928
2025-03-05 09:38:49,37450.0,500,Sell,275718950
2025-03-05 09:38:52,37450.0,1000,Sell,275719135
2025-03-05 09:39:04,37450.0,2800,Sell,275719677
2025-03-05 09:39:04,37450.0,200,Sell,275719678
2025-03-05 09:39:04,37450.0,1100,Sell,275719679
2025-03-05 09:39:04,37450.0,4900,Sell,275719680
2025-03-05 09:39:11,37450.0,400,Sell,275719892
2025-03-05 09:39:11,37450.0,100,Sell,275719891
2025-03-05 09:39:13,37450.0,1600,Sell,275719955
2025-03-05 09:39:13,37450.0,400,Sell,275719956
2025-03-05 09:39:14,37500.0,900,Buy,275720103
2025-03-05 09:39:25,37500.0,1400,Buy,275720623
2025-03-05 09:39:26,37500.0,2000,Buy,275720711
2025-03-05 09:39:27,37500.0,700,Buy,275720729
2025-03-05 09:39:35,37500.0,900,Buy,275721082
2025-03-05 09:39:35,37500.0,100,Buy,275721083
2025-03-05 09:39:43,37500.0,500,Buy,275721406
2025-03-05 09:39:48,37500.0,1000,Buy,275721702
2025-03-05 09:39:50,37500.0,100,Buy,275721768
2025-03-05 09:40:07,37450.0,500,Sell,275722636
2025-03-05 09:40:14,37500.0,2500,Buy,275723018
2025-03-05 09:40:26,37500.0,3100,Buy,275723541
2025-03-05 09:40:26,37500.0,400,Buy,275723540
2025-03-05 09:40:26,37500.0,100,Buy,275723539
2025-03-05 09:40:26,37500.0,100,Buy,275723537
2025-03-05 09:40:26,37500.0,500,Buy,275723536
2025-03-05 09:40:26,37500.0,800,Buy,275723535
2025-03-05 09:40:26,37500.0,5000,Buy,275723538
2025-03-05 09:40:37,37450.0,2100,Sell,275723988
2025-03-05 09:40:37,37450.0,100,Sell,275723989
2025-03-05 09:40:37,37450.0,2000,Sell,275723990
2025-03-05 09:40:37,37450.0,100,Sell,275723991
2025-03-05 09:40:37,37450.0,300,Sell,275723992
2025-03-05 09:40:37,37450.0,300,Sell,275723993
2025-03-05 09:40:37,37450.0,900,Sell,275723994
2025-03-05 09:40:37,37450.0,200,Sell,275723995
2025-03-05 09:40:37,37450.0,600,Sell,275723996
2025-03-05 09:40:37,37450.0,200,Sell,275723997
2025-03-05 09:40:37,37450.0,4000,Sell,275723998
2025-03-05 09:40:46,37450.0,2000,Sell,275724305
2025-03-05 09:40:46,37450.0,200,Sell,275724303
2025-03-05 09:40:46,37450.0,1000,Sell,275724302
2025-03-05 09:40:46,37450.0,1000,Sell,275724304
2025-03-05 09:41:02,37450.0,8000,Sell,275724806
2025-03-05 09:41:02,37450.0,1000,Sell,275724807
2025-03-05 09:41:02,37450.0,2000,Sell,275724808
2025-03-05 09:41:02,37450.0,1500,Sell,275724809
2025-03-05 09:41:02,37450.0,100,Sell,275724810
2025-03-05 09:41:32,37450.0,100,Buy,275725804
2025-03-05 09:41:58,37450.0,100,Buy,275726843
2025-03-05 09:42:01,37450.0,500,Buy,275727075
2025-03-05 09:42:14,37400.0,600,Sell,275727702
2025-03-05 09:42:14,37400.0,100,Sell,275727703
2025-03-05 09:42:14,37400.0,100,Sell,275727704
2025-03-05 09:42:14,37400.0,400,Sell,275727705
2025-03-05 09:42:15,37450.0,100,Buy,275727717
2025-03-05 09:42:23,37450.0,300,Buy,275728031
2025-03-05 09:42:25,37450.0,100,Buy,275728064
2025-03-05 09:42:38,37450.0,5000,Buy,275728524
2025-03-05 09:42:39,37450.0,1200,Buy,275728571
2025-03-05 09:42:39,37450.0,1800,Buy,275728572
2025-03-05 09:42:44,37450.0,200,Buy,275728755
2025-03-05 09:42:44,37450.0,100,Buy,275728756
2025-03-05 09:42:45,37450.0,1000,Buy,275728773
2025-03-05 09:42:45,37450.0,2000,Buy,275728774
2025-03-05 09:43:14,37450.0,800,Buy,275729691
2025-03-05 09:43:15,37450.0,1000,Buy,275729709
2025-03-05 09:43:17,37450.0,1200,Buy,275729809
2025-03-05 09:43:17,37450.0,800,Buy,275729810
2025-03-05 09:43:18,37450.0,300,Buy,275729838
2025-03-05 09:43:27,37450.0,1500,Buy,275730113
2025-03-05 09:43:27,37450.0,400,Buy,275730114
2025-03-05 09:43:29,37450.0,200,Buy,275730154
2025-03-05 09:43:30,37450.0,900,Buy,275730219
2025-03-05 09:43:30,37450.0,4400,Buy,275730218
2025-03-05 09:43:41,37400.0,300,Sell,275730593
2025-03-05 09:43:41,37400.0,2000,Sell,275730594
2025-03-05 09:43:41,37400.0,100,Sell,275730595
2025-03-05 09:43:41,37400.0,600,Sell,275730596
2025-03-05 09:43:41,37450.0,500,Buy,275730612
2025-03-05 09:43:42,37450.0,2000,Buy,275730668
2025-03-05 09:43:45,37450.0,1000,Buy,275730815
2025-03-05 09:43:50,37450.0,900,Buy,275730916
2025-03-05 09:43:51,37450.0,4700,Buy,275730956
2025-03-05 09:43:51,37450.0,200,Buy,275730957
2025-03-05 09:43:51,37450.0,15000,Buy,275730958
2025-03-05 09:44:51,37450.0,100,Sell,275732924
2025-03-05 09:45:05,37450.0,200,Sell,275733373
2025-03-05 09:45:12,37500.0,1100,Buy,275733649
2025-03-05 09:45:12,37500.0,900,Buy,275733648
2025-03-05 09:45:23,37450.0,16000,Sell,275733959
2025-03-05 09:45:31,37450.0,100,Sell,275734177
2025-03-05 09:45:52,37450.0,800,Sell,275734764
2025-03-05 09:45:53,37450.0,800,Sell,275734799
2025-03-05 09:45:56,37450.0,800,Sell,275734879
2025-03-05 09:45:57,37450.0,5000,Sell,275734970
2025-03-05 09:45:58,37500.0,1000,Buy,275734976
2025-03-05 09:46:02,37450.0,300,Sell,275735065
2025-03-05 09:46:05,37500.0,700,Buy,275735237
2025-03-05 09:46:26,37450.0,900,Sell,275735843
2025-03-05 09:46:47,37500.0,1000,Buy,275736544
2025-03-05 09:47:08,37450.0,300,Sell,275737154
2025-03-05 09:47:10,37450.0,1500,Sell,275737194
2025-03-05 09:47:27,37450.0,1800,Sell,275737706
2025-03-05 09:47:30,37500.0,300,Buy,275737792
2025-03-05 09:47:31,37450.0,1000,Sell,275737868
2025-03-05 09:47:35,37450.0,20000,Sell,275738062
2025-03-05 09:47:43,37450.0,5000,Sell,275738300
2025-03-05 09:47:50,37450.0,10000,Sell,275738503
2025-03-05 09:47:58,37450.0,1000,Sell,275738719
2025-03-05 09:48:01,37450.0,100,Sell,275738796
2025-03-05 09:48:04,37450.0,200,Sell,275738911
2025-03-05 09:48:15,37450.0,400,Sell,275739260
2025-03-05 09:48:15,37450.0,100,Sell,275739259
2025-03-05 09:48:15,37450.0,4300,Sell,275739258
2025-03-05 09:48:15,37450.0,1000,Sell,275739257
2025-03-05 09:48:15,37450.0,200,Sell,275739252
2025-03-05 09:48:15,37450.0,100,Sell,275739255
2025-03-05 09:48:15,37450.0,1500,Sell,275739254
2025-03-05 09:48:15,37450.0,300,Sell,275739253
2025-03-05 09:48:15,37450.0,2000,Sell,275739251
2025-03-05 09:48:15,37450.0,300,Sell,275739256
2025-03-05 09:48:15,37450.0,2000,Sell,275739249
2025-03-05 09:48:15,37450.0,14200,Sell,275739241
2025-03-05 09:48:15,37450.0,100,Sell,275739242
2025-03-05 09:48:15,37450.0,500,Sell,275739243
2025-03-05 09:48:15,37450.0,200,Sell,275739244
2025-03-05 09:48:15,37450.0,600,Sell,275739250
2025-03-05 09:48:15,37450.0,6500,Sell,275739246
2025-03-05 09:48:15,37450.0,2000,Sell,275739247
2025-03-05 09:48:15,37450.0,500,Sell,275739248
2025-03-05 09:48:15,37450.0,7000,Sell,275739245
2025-03-05 09:48:34,37450.0,2500,Buy,275739917
2025-03-05 09:48:44,37400.0,300,Sell,275740308
2025-03-05 09:49:14,37400.0,200,Sell,275741389
2025-03-05 09:49:14,37400.0,100,Sell,275741388
2025-03-05 09:49:14,37400.0,300,Sell,275741387
2025-03-05 09:49:14,37400.0,2000,Sell,275741386
2025-03-05 09:49:14,37400.0,100,Sell,275741384
2025-03-05 09:49:14,37400.0,200,Sell,275741385
2025-03-05 09:49:14,37400.0,1000,Sell,275741381
2025-03-05 09:49:14,37400.0,100,Sell,275741380
2025-03-05 09:49:14,37400.0,20000,Sell,275741379
2025-03-05 09:49:14,37400.0,700,Sell,275741378
2025-03-05 09:49:14,37450.0,1200,Buy,275741365
2025-03-05 09:49:14,37400.0,200,Sell,275741383
2025-03-05 09:49:14,37400.0,100,Sell,275741382
2025-03-05 09:49:26,37400.0,800,Sell,275741671
2025-03-05 09:49:26,37400.0,2200,Sell,275741672
2025-03-05 09:49:29,37400.0,2800,Sell,275741778
2025-03-05 09:49:29,37400.0,500,Sell,275741779
2025-03-05 09:49:29,37400.0,100,Sell,275741780
2025-03-05 09:49:29,37400.0,1600,Sell,275741781
2025-03-05 09:49:30,37450.0,1100,Buy,275741790
2025-03-05 09:49:37,37400.0,300,Sell,275742076
2025-03-05 09:49:45,37450.0,1100,Buy,275742329
2025-03-05 09:50:00,37400.0,1200,Sell,275742782
2025-03-05 09:50:00,37400.0,800,Sell,275742781
2025-03-05 09:50:01,37450.0,1100,Buy,275742805
2025-03-05 09:50:16,37450.0,1200,Buy,275743383
2025-03-05 09:50:22,37400.0,100,Sell,275743589
2025-03-05 09:50:22,37400.0,900,Sell,275743590
2025-03-05 09:50:30,37400.0,100,Sell,275743805
2025-03-05 09:50:30,37400.0,200,Sell,275743806
2025-03-05 09:50:30,37400.0,300,Sell,275743807
2025-03-05 09:50:30,37400.0,100,Sell,275743808
2025-03-05 09:50:32,37450.0,1100,Buy,275743871
2025-03-05 09:50:48,37450.0,1200,Buy,275744332
2025-03-05 09:50:52,37400.0,400,Sell,275744437
2025-03-05 09:50:52,37400.0,100,Sell,275744438
2025-03-05 09:50:55,37400.0,1200,Sell,275744549
2025-03-05 09:51:01,37400.0,1000,Buy,275744735
2025-03-05 09:51:05,37400.0,1100,Buy,275744801
2025-03-05 09:51:20,37400.0,1100,Buy,275745349
2025-03-05 09:51:36,37400.0,600,Buy,275745874
2025-03-05 09:51:36,37400.0,600,Buy,275745875
2025-03-05 09:51:38,37400.0,100,Buy,275745913
2025-03-05 09:51:51,37400.0,100,Buy,275746413
2025-03-05 09:51:52,37400.0,1100,Buy,275746421
2025-03-05 09:51:59,37400.0,100,Buy,275746558
2025-03-05 09:51:59,37400.0,200,Buy,275746566
2025-03-05 09:52:03,37400.0,1000,Buy,275746669
2025-03-05 09:52:07,37400.0,800,Buy,275746782
2025-03-05 09:52:07,37400.0,300,Buy,275746783
2025-03-05 09:52:23,37400.0,1200,Buy,275747192
2025-03-05 09:52:25,37400.0,100,Buy,275747277
2025-03-05 09:52:34,37350.0,800,Sell,275747518
2025-03-05 09:52:37,37400.0,200,Buy,275747603
2025-03-05 09:52:40,37350.0,400,Sell,275747657
2025-03-05 09:52:40,37350.0,1000,Sell,275747655
2025-03-05 09:52:40,37350.0,100,Sell,275747654
2025-03-05 09:52:40,37350.0,500,Sell,275747656
2025-03-05 09:52:40,37350.0,100,Sell,275747652
2025-03-05 09:52:40,37400.0,1100,Buy,275747641
2025-03-05 09:52:40,37350.0,2000,Sell,275747653
2025-03-05 09:52:40,37350.0,900,Sell,275747651
2025-03-05 09:52:43,37350.0,600,Sell,275747719
2025-03-05 09:52:43,37350.0,600,Sell,275747720
2025-03-05 09:52:43,37350.0,2000,Sell,275747721
2025-03-05 09:52:43,37350.0,1200,Sell,275747722
2025-03-05 09:52:43,37350.0,1000,Sell,275747723
2025-03-05 09:52:43,37350.0,6000,Sell,275747724
2025-03-05 09:52:43,37350.0,500,Sell,275747725
2025-03-05 09:52:43,37350.0,100,Sell,275747726
2025-03-05 09:52:43,37350.0,600,Sell,275747727
2025-03-05 09:52:43,37350.0,900,Sell,275747728
2025-03-05 09:52:55,37350.0,1100,Buy,275748042
2025-03-05 09:53:11,37350.0,1200,Buy,275748501
2025-03-05 09:53:19,37300.0,300,Sell,275748792
2025-03-05 09:53:19,37300.0,100,Sell,275748793
2025-03-05 09:53:19,37300.0,100,Sell,275748790
2025-03-05 09:53:19,37300.0,500,Sell,275748791
2025-03-05 09:53:25,37300.0,200,Sell,275748965
2025-03-05 09:53:27,37350.0,7500,Buy,275749022
2025-03-05 09:53:27,37350.0,1200,Buy,275749029
2025-03-05 09:53:34,37350.0,400,Buy,275749208
2025-03-05 09:53:36,37350.0,200,Buy,275749284
2025-03-05 09:53:42,37350.0,600,Buy,275749439
2025-03-05 09:53:42,37350.0,500,Buy,275749438
2025-03-05 09:53:42,37350.0,1500,Buy,275749436
2025-03-05 09:53:42,37350.0,16900,Buy,275749435
2025-03-05 09:53:42,37350.0,500,Buy,275749437
2025-03-05 09:53:43,37350.0,400,Buy,275749487
2025-03-05 09:53:43,37350.0,500,Buy,275749488
2025-03-05 09:53:43,37350.0,100,Buy,275749489
2025-03-05 09:53:44,37350.0,900,Buy,275749496
2025-03-05 09:53:53,37350.0,300,Sell,275749796
2025-03-05 09:53:53,37350.0,100,Sell,275749797
2025-03-05 09:54:00,37350.0,1200,Buy,275750058
2025-03-05 09:54:10,37350.0,100,Buy,275750297
2025-03-05 09:54:17,37350.0,1100,Buy,275750441
2025-03-05 09:54:22,37350.0,1200,Buy,275750538
2025-03-05 09:54:32,37350.0,1000,Buy,275750766
2025-03-05 09:54:49,37400.0,100,Buy,275751156
2025-03-05 09:54:49,37400.0,1000,Buy,275751157
2025-03-05 09:54:49,37400.0,200,Buy,275751166
2025-03-05 09:55:02,37400.0,1100,Buy,275751463
2025-03-05 09:55:18,37400.0,1100,Buy,275751786
2025-03-05 09:55:30,37400.0,200,Buy,275752012
2025-03-05 09:55:33,37400.0,300,Buy,275752072
2025-03-05 09:55:33,37400.0,200,Buy,275752073
2025-03-05 09:55:33,37400.0,600,Buy,275752071
2025-03-05 09:55:48,37400.0,300,Buy,275752428
2025-03-05 09:55:49,37400.0,1200,Buy,275752445
2025-03-05 09:56:02,37400.0,1000,Buy,275752761
2025-03-05 09:56:05,37400.0,1100,Buy,275752826
2025-03-05 09:56:21,37400.0,1200,Buy,275753263
2025-03-05 09:56:37,37400.0,1100,Buy,275753797
2025-03-05 09:56:47,37400.0,300,Buy,275754066
2025-03-05 09:56:53,37400.0,1200,Buy,275754594
2025-03-05 09:57:01,37350.0,500,Sell,275754767
2025-03-05 09:57:01,37350.0,8900,Sell,275754768
2025-03-05 09:57:01,37350.0,200,Sell,275754769
2025-03-05 09:57:08,37350.0,300,Sell,275754925
2025-03-05 09:57:08,37350.0,200,Sell,275754926
2025-03-05 09:57:09,37400.0,1100,Buy,275754953
2025-03-05 09:57:25,37400.0,1200,Buy,275755309
2025-03-05 09:57:32,37350.0,3000,Sell,275755437
2025-03-05 09:57:32,37350.0,7000,Sell,275755438
2025-03-05 09:57:41,37400.0,1100,Buy,275755653
2025-03-05 09:57:51,37350.0,1500,Sell,275755909
2025-03-05 09:57:57,37400.0,1100,Buy,275756033
2025-03-05 09:58:06,37350.0,500,Sell,275756325
2025-03-05 09:58:13,37400.0,1200,Buy,275756444
2025-03-05 09:58:15,37350.0,500,Sell,275756501
2025-03-05 09:58:15,37350.0,1000,Sell,275756500
2025-03-05 09:58:15,37350.0,500,Sell,275756499
2025-03-05 09:58:15,37350.0,1000,Sell,275756498
2025-03-05 09:58:18,37350.0,500,Buy,275756578
2025-03-05 09:58:25,37350.0,200,Buy,275756774
2025-03-05 09:58:25,37350.0,200,Buy,275756773
2025-03-05 09:58:28,37400.0,1100,Buy,275756890
2025-03-05 09:58:34,37350.0,1500,Sell,275756978
2025-03-05 09:58:44,37400.0,1200,Buy,275757189
2025-03-05 09:58:53,37400.0,500,Buy,275757412
2025-03-05 09:59:00,37400.0,1100,Buy,275757563
2025-03-05 09:59:15,37400.0,1100,Buy,275757892
2025-03-05 09:59:29,37350.0,100,Sell,275758200
2025-03-05 09:59:29,37350.0,2500,Sell,275758201
2025-03-05 09:59:29,37350.0,1000,Sell,275758202
2025-03-05 09:59:29,37350.0,100,Sell,275758203
2025-03-05 09:59:29,37350.0,500,Sell,275758204
2025-03-05 09:59:31,37350.0,1200,Buy,275758218
2025-03-05 09:59:42,37350.0,100,Buy,275758556
2025-03-05 09:59:47,37350.0,1200,Buy,275758684
2025-03-05 10:00:03,37350.0,1100,Buy,275758973
2025-03-05 10:00:07,37300.0,1000,Sell,275759035
2025-03-05 10:00:19,37350.0,1100,Buy,275759253
2025-03-05 10:00:35,37350.0,1100,Buy,275759695
2025-03-05 10:00:37,37300.0,200,Sell,275759757
2025-03-05 10:00:51,37350.0,1200,Buy,275760075
2025-03-05 10:01:07,37350.0,1100,Buy,275760388
2025-03-05 10:01:22,37350.0,1100,Buy,275760744
2025-03-05 10:01:23,37300.0,4700,Sell,275760784
2025-03-05 10:01:23,37300.0,1000,Sell,275760785
2025-03-05 10:01:23,37300.0,4300,Sell,275760786
2025-03-05 10:01:24,37350.0,500,Buy,275760804
2025-03-05 10:01:32,37300.0,10000,Sell,275760986
2025-03-05 10:01:33,37350.0,100,Buy,275761021
2025-03-05 10:01:38,37350.0,1100,Buy,275761173
2025-03-05 10:01:53,37350.0,1100,Buy,275761535
2025-03-05 10:02:09,37350.0,1100,Buy,275761925
2025-03-05 10:02:24,37350.0,1100,Buy,275762208
2025-03-05 10:02:27,37350.0,5000,Buy,275762294
2025-03-05 10:02:27,37350.0,1300,Buy,275762295
2025-03-05 10:02:27,37350.0,100,Buy,275762292
2025-03-05 10:02:27,37350.0,1000,Buy,275762293
2025-03-05 10:02:27,37350.0,31600,Buy,275762291
2025-03-05 10:02:40,37400.0,1100,Buy,275762573
2025-03-05 10:02:46,37350.0,5000,Sell,275762703
2025-03-05 10:02:56,37400.0,600,Buy,275762950
2025-03-05 10:02:56,37400.0,100,Buy,275762951
2025-03-05 10:02:56,37400.0,400,Buy,275762952
2025-03-05 10:03:11,37400.0,100,Buy,275763393
2025-03-05 10:03:11,37400.0,1000,Buy,275763394
2025-03-05 10:03:26,37400.0,500,Buy,275763752
2025-03-05 10:03:26,37400.0,700,Buy,275763753
2025-03-05 10:03:39,37350.0,1000,Sell,275764050
2025-03-05 10:03:43,37400.0,300,Buy,275764214
2025-03-05 10:03:43,37400.0,900,Buy,275764215
2025-03-05 10:03:50,37350.0,5000,Sell,275764375
2025-03-05 10:03:59,37400.0,1100,Buy,275764510
2025-03-05 10:03:59,37400.0,100,Buy,275764511
2025-03-05 10:04:15,37400.0,900,Buy,275765072
2025-03-05 10:04:15,37400.0,200,Buy,275765073
2025-03-05 10:04:25,37400.0,200,Buy,275765514
2025-03-05 10:04:30,37400.0,1100,Buy,275765657
2025-03-05 10:04:46,37400.0,1100,Buy,275766018
2025-03-05 10:05:01,37400.0,1200,Buy,275766360
2025-03-05 10:05:18,37400.0,200,Buy,275766896
2025-03-05 10:05:18,37400.0,500,Buy,275766897
2025-03-05 10:05:18,37400.0,400,Buy,275766898
2025-03-05 10:05:34,37400.0,600,Buy,275767399
2025-03-05 10:05:34,37400.0,100,Buy,275767397
2025-03-05 10:05:34,37400.0,100,Buy,275767396
2025-03-05 10:05:34,37400.0,300,Buy,275767398
2025-03-05 10:05:45,37400.0,1400,Buy,275767581
2025-03-05 10:05:45,37400.0,4600,Buy,275767582
2025-03-05 10:05:49,37400.0,1100,Buy,275767708
2025-03-05 10:06:04,37400.0,1100,Buy,275768046
2025-03-05 10:06:20,37400.0,1100,Buy,275768349
2025-03-05 10:06:35,37400.0,1100,Buy,275768654
2025-03-05 10:06:50,37350.0,100,Sell,275768979
2025-03-05 10:06:50,37350.0,800,Sell,275768978
2025-03-05 10:06:50,37350.0,100,Sell,275768980
2025-03-05 10:06:51,37400.0,1100,Buy,275769000
2025-03-05 10:07:06,37400.0,1200,Buy,275769390
2025-03-05 10:07:23,37400.0,1100,Buy,275769678
2025-03-05 10:07:28,37350.0,2200,Sell,275769810
2025-03-05 10:07:38,37400.0,1100,Buy,275770118
2025-03-05 10:07:39,37350.0,5000,Sell,275770123
2025-03-05 10:07:53,37350.0,100,Sell,275770370
2025-03-05 10:07:54,37350.0,8000,Sell,275770380
2025-03-05 10:07:55,37400.0,1100,Buy,275770406
2025-03-05 10:08:10,37400.0,400,Buy,275770643
2025-03-05 10:08:10,37400.0,700,Buy,275770644
2025-03-05 10:08:25,37400.0,1200,Buy,275770921
2025-03-05 10:08:41,37400.0,1200,Buy,275771211
2025-03-05 10:08:58,37400.0,1100,Buy,275771482
2025-03-05 10:09:11,37350.0,1500,Sell,275771921
2025-03-05 10:09:13,37400.0,1100,Buy,275771986
2025-03-05 10:09:23,37400.0,5300,Buy,275772180
2025-03-05 10:09:23,37400.0,3000,Buy,275772179
2025-03-05 10:09:23,37400.0,1700,Buy,275772178
2025-03-05 10:09:28,37400.0,1200,Buy,275772256
2025-03-05 10:09:45,37400.0,1100,Buy,275772685
2025-03-05 10:10:00,37400.0,1200,Buy,275772997
2025-03-05 10:10:16,37400.0,1200,Buy,275773321
2025-03-05 10:10:30,37350.0,500,Sell,275773501
2025-03-05 10:10:32,37400.0,100,Buy,275773565
2025-03-05 10:10:32,37400.0,1000,Buy,275773566
2025-03-05 10:10:32,37400.0,100,Buy,275773567
2025-03-05 10:10:41,37350.0,1000,Sell,275773712
2025-03-05 10:10:49,37400.0,600,Buy,275773850
2025-03-05 10:10:49,37400.0,600,Buy,275773851
2025-03-05 10:11:05,37400.0,400,Buy,275774201
2025-03-05 10:11:05,37400.0,800,Buy,275774202
2025-03-05 10:11:10,37400.0,100,Buy,275774266
2025-03-05 10:11:17,37350.0,100,Sell,275774438
2025-03-05 10:11:21,37400.0,1100,Buy,275774512
2025-03-05 10:11:26,37350.0,500,Sell,275774711
2025-03-05 10:11:36,37400.0,8000,Buy,275774890
2025-03-05 10:11:36,37400.0,1500,Buy,275774891
2025-03-05 10:11:36,37400.0,500,Buy,275774892
2025-03-05 10:11:37,37400.0,800,Buy,275774908
2025-03-05 10:11:37,37400.0,300,Buy,275774909
2025-03-05 10:11:47,37350.0,300,Sell,275775094
2025-03-05 10:11:53,37400.0,1100,Buy,275775327
2025-03-05 10:12:08,37400.0,100,Buy,275775771
2025-03-05 10:12:08,37400.0,200,Buy,275775772
2025-03-05 10:12:08,37400.0,800,Buy,275775773
2025-03-05 10:12:10,37400.0,200,Buy,275775826
2025-03-05 10:12:24,37400.0,200,Buy,275776173
2025-03-05 10:12:24,37400.0,1000,Buy,275776174
2025-03-05 10:12:40,37400.0,1200,Buy,275776553
2025-03-05 10:12:57,37400.0,1100,Buy,275776883
2025-03-05 10:13:05,37400.0,1000,Buy,275777018
2025-03-05 10:13:12,37400.0,1100,Buy,275777224
2025-03-05 10:13:28,37400.0,1100,Buy,275777575
2025-03-05 10:13:43,37400.0,1200,Buy,275777871
2025-03-05 10:13:49,37350.0,10000,Sell,275778023
2025-03-05 10:13:59,37400.0,1100,Buy,275778238
2025-03-05 10:14:09,37400.0,1000,Buy,275778434
2025-03-05 10:14:15,37400.0,1100,Buy,275778626
2025-03-05 10:14:16,37350.0,100,Sell,275778645
2025-03-05 10:14:31,37400.0,1200,Buy,275778939
2025-03-05 10:14:47,37400.0,1100,Buy,275779296
2025-03-05 10:15:03,37400.0,1200,Buy,275779547
2025-03-05 10:15:19,37400.0,100,Buy,275779877
2025-03-05 10:15:19,37400.0,1100,Buy,275779882
2025-03-05 10:15:35,37400.0,1200,Buy,275780171
2025-03-05 10:15:40,37350.0,1000,Sell,275780340
2025-03-05 10:15:52,37400.0,900,Buy,275780580
2025-03-05 10:15:52,37400.0,200,Buy,275780579
2025-03-05 10:16:08,37400.0,1200,Buy,275780878
2025-03-05 10:16:24,37400.0,1100,Buy,275781128
2025-03-05 10:16:26,37350.0,10000,Sell,275781211
2025-03-05 10:16:39,37400.0,1100,Buy,275781559
2025-03-05 10:16:52,37350.0,100,Sell,275781817
2025-03-05 10:16:55,37400.0,1100,Buy,275781928
2025-03-05 10:16:55,37400.0,1000,Buy,275781938
2025-03-05 10:16:58,37350.0,500,Sell,275781988
2025-03-05 10:17:10,37400.0,1200,Buy,275782217
2025-03-05 10:17:27,37400.0,1100,Buy,275782586
2025-03-05 10:17:43,37400.0,1100,Buy,275783013
2025-03-05 10:17:58,37400.0,900,Buy,275783323
2025-03-05 10:17:58,37400.0,200,Buy,275783322
2025-03-05 10:18:14,37400.0,1100,Buy,275783583
2025-03-05 10:18:26,37350.0,1000,Sell,275783796
2025-03-05 10:18:29,37400.0,1100,Buy,275783839
2025-03-05 10:18:33,37350.0,3500,Sell,275783912
2025-03-05 10:18:33,37350.0,100,Sell,275783911
2025-03-05 10:18:33,37350.0,300,Sell,275783910
2025-03-05 10:18:33,37350.0,300,Sell,275783909
2025-03-05 10:18:33,37350.0,100,Sell,275783908
2025-03-05 10:18:33,37350.0,100,Sell,275783904
2025-03-05 10:18:33,37350.0,500,Sell,275783906
2025-03-05 10:18:33,37350.0,1000,Sell,275783905
2025-03-05 10:18:33,37350.0,8000,Sell,275783902
2025-03-05 10:18:33,37350.0,6000,Sell,275783907
2025-03-05 10:18:33,37350.0,100,Sell,275783903
2025-03-05 10:18:34,37400.0,100,Buy,275783914
2025-03-05 10:18:39,37350.0,1000,Sell,275784026
2025-03-05 10:18:45,37400.0,800,Buy,275784097
2025-03-05 10:18:45,37400.0,400,Buy,275784098
2025-03-05 10:19:01,37400.0,600,Buy,275784399
2025-03-05 10:19:01,37400.0,600,Buy,275784398
2025-03-05 10:19:12,37350.0,2000,Sell,275784578
2025-03-05 10:19:17,37400.0,1100,Buy,275784686
2025-03-05 10:19:28,37350.0,1000,Sell,275784941
2025-03-05 10:19:32,37400.0,1100,Buy,275785025
2025-03-05 10:19:43,37350.0,1000,Sell,275785164
2025-03-05 10:19:48,37400.0,1100,Buy,275785265
2025-03-05 10:20:03,37400.0,1100,Buy,275785618
2025-03-05 10:20:17,37400.0,1000,Buy,275785834
2025-03-05 10:20:18,37400.0,1200,Buy,275785866
2025-03-05 10:20:35,37400.0,1100,Buy,275786200
2025-03-05 10:20:50,37400.0,300,Buy,275786500
2025-03-05 10:20:50,37400.0,200,Buy,275786501
2025-03-05 10:20:50,37400.0,500,Buy,275786502
2025-03-05 10:20:50,37400.0,100,Buy,275786503
2025-03-05 10:20:51,37400.0,8400,Buy,275786521
2025-03-05 10:21:00,37350.0,100,Sell,275786679
2025-03-05 10:21:05,37400.0,1100,Buy,275786783
2025-03-05 10:21:17,37350.0,2400,Sell,275786990
2025-03-05 10:21:17,37350.0,200,Sell,275786989
2025-03-05 10:21:17,37350.0,100,Sell,275786984
2025-03-05 10:21:17,37350.0,100,Sell,275786988
2025-03-05 10:21:17,37350.0,100,Sell,275786987
2025-03-05 10:21:17,37350.0,5000,Sell,275786986
2025-03-05 10:21:17,37350.0,100,Sell,275786985
2025-03-05 10:21:17,37350.0,500,Sell,275786983
2025-03-05 10:21:17,37350.0,2000,Sell,275786976
2025-03-05 10:21:17,37350.0,100,Sell,275786981
2025-03-05 10:21:17,37350.0,1000,Sell,275786980
2025-03-05 10:21:17,37350.0,400,Sell,275786979
2025-03-05 10:21:17,37350.0,100,Sell,275786978
2025-03-05 10:21:17,37350.0,100,Sell,275786977
2025-03-05 10:21:17,37350.0,1400,Sell,275786974
2025-03-05 10:21:17,37350.0,400,Sell,275786982
2025-03-05 10:21:17,37350.0,1000,Sell,275786975
2025-03-05 10:21:21,37400.0,1100,Buy,275787059
2025-03-05 10:21:32,37350.0,800,Sell,275787277
2025-03-05 10:21:36,37400.0,1200,Buy,275787387
2025-03-05 10:21:43,37400.0,600,Buy,275787509
2025-03-05 10:21:52,37400.0,1100,Buy,275787693
2025-03-05 10:22:08,37400.0,1100,Buy,275787960
2025-03-05 10:22:24,37400.0,300,Buy,275788328
2025-03-05 10:22:24,37400.0,800,Buy,275788329
2025-03-05 10:22:37,37400.0,600,Buy,275788537
2025-03-05 10:22:39,37400.0,100,Buy,275788577
2025-03-05 10:22:39,37400.0,400,Buy,275788578
2025-03-05 10:22:39,37400.0,600,Buy,275788579
2025-03-05 10:22:55,37400.0,400,Buy,275788813
2025-03-05 10:22:55,37400.0,700,Buy,275788814
2025-03-05 10:22:59,37400.0,100,Buy,275788894
2025-03-05 10:23:10,37400.0,1200,Buy,275789292
2025-03-05 10:23:24,37400.0,2000,Buy,275789611
2025-03-05 10:23:27,37400.0,1100,Buy,275789668
2025-03-05 10:23:42,37400.0,1200,Buy,275790025
2025-03-05 10:23:58,37400.0,1100,Buy,275790351
2025-03-05 10:24:14,37400.0,1100,Buy,275790831
2025-03-05 10:24:30,37400.0,1100,Buy,275791301
2025-03-05 10:24:45,37400.0,400,Buy,275791631
2025-03-05 10:24:45,37400.0,800,Buy,275791632
2025-03-05 10:24:46,37350.0,100,Sell,275791656
2025-03-05 10:24:50,37400.0,100,Buy,275791729
2025-03-05 10:25:00,37350.0,2700,Sell,275791938
2025-03-05 10:25:00,37350.0,200,Sell,275791939
2025-03-05 10:25:00,37350.0,300,Sell,275791940
2025-03-05 10:25:00,37350.0,2000,Sell,275791941
2025-03-05 10:25:00,37350.0,1000,Sell,275791942
2025-03-05 10:25:00,37350.0,2100,Sell,275791943
2025-03-05 10:25:00,37350.0,100,Sell,275791944
2025-03-05 10:25:00,37350.0,1600,Sell,275791945
2025-03-05 10:25:01,37400.0,100,Buy,275791957
2025-03-05 10:25:01,37400.0,1000,Buy,275791958
2025-03-05 10:25:14,37400.0,1000,Buy,275792314
2025-03-05 10:25:17,37400.0,1200,Buy,275792406
2025-03-05 10:25:19,37400.0,2800,Buy,275792456
2025-03-05 10:25:19,37400.0,5000,Buy,275792478
2025-03-05 10:25:19,37400.0,200,Buy,275792477
2025-03-05 10:25:19,37400.0,5700,Buy,275792476
2025-03-05 10:25:19,37400.0,500,Buy,275792475
2025-03-05 10:25:19,37400.0,100,Buy,275792474
2025-03-05 10:25:19,37400.0,1000,Buy,275792473
2025-03-05 10:25:19,37400.0,100,Buy,275792471
2025-03-05 10:25:19,37400.0,100,Buy,275792470
2025-03-05 10:25:19,37400.0,500,Buy,275792469
2025-03-05 10:25:19,37400.0,500,Buy,275792468
2025-03-05 10:25:19,37400.0,200,Buy,275792472
2025-03-05 10:25:19,37400.0,500,Buy,275792466
2025-03-05 10:25:19,37400.0,500,Buy,275792467
2025-03-05 10:25:19,37400.0,300,Buy,275792458
2025-03-05 10:25:19,37400.0,600,Buy,275792459
2025-03-05 10:25:19,37400.0,50000,Buy,275792460
2025-03-05 10:25:19,37400.0,200,Buy,275792457
2025-03-05 10:25:19,37400.0,300,Buy,275792462
2025-03-05 10:25:19,37400.0,2000,Buy,275792463
2025-03-05 10:25:19,37400.0,300,Buy,275792464
2025-03-05 10:25:19,37400.0,2000,Buy,275792465
2025-03-05 10:25:19,37400.0,2000,Buy,275792461
2025-03-05 10:25:21,37400.0,900,Sell,275792525
2025-03-05 10:25:33,37450.0,1100,Buy,275792806
2025-03-05 10:25:49,37450.0,1100,Buy,275793134
2025-03-05 10:25:56,37400.0,15900,Sell,275793237
2025-03-05 10:26:05,37450.0,1100,Buy,275793416
2025-03-05 10:26:20,37450.0,1100,Buy,275793830
2025-03-05 10:26:26,37450.0,100,Buy,275793941
2025-03-05 10:26:26,37450.0,800,Buy,275793940
2025-03-05 10:26:26,37450.0,500,Buy,275793938
2025-03-05 10:26:26,37450.0,800,Buy,275793939
2025-03-05 10:26:26,37450.0,500,Buy,275793936
2025-03-05 10:26:26,37450.0,1300,Buy,275793934
2025-03-05 10:26:26,37450.0,800,Buy,275793937
2025-03-05 10:26:26,37450.0,200,Buy,275793935
2025-03-05 10:26:30,37450.0,200,Buy,275794036
2025-03-05 10:26:30,37450.0,100,Buy,275794033
2025-03-05 10:26:30,37450.0,300,Buy,275794034
2025-03-05 10:26:30,37450.0,4400,Buy,275794035
2025-03-05 10:26:35,37450.0,1200,Buy,275794150
2025-03-05 10:26:47,37450.0,1000,Buy,275794546
2025-03-05 10:26:50,37450.0,2600,Buy,275794630
2025-03-05 10:26:50,37450.0,500,Buy,275794631
2025-03-05 10:26:50,37450.0,100,Buy,275794632
2025-03-05 10:26:50,37450.0,1300,Buy,275794633
2025-03-05 10:26:52,37450.0,200,Buy,275794670
2025-03-05 10:26:52,37450.0,500,Buy,275794671
2025-03-05 10:26:52,37450.0,1900,Buy,275794672
2025-03-05 10:26:52,37450.0,200,Buy,275794673
2025-03-05 10:26:52,37450.0,800,Buy,275794674
2025-03-05 10:26:52,37450.0,300,Buy,275794675
2025-03-05 10:26:58,37450.0,2300,Buy,275794848
2025-03-05 10:26:58,37450.0,1000,Buy,275794847
2025-03-05 10:26:58,37450.0,1000,Buy,275794846
2025-03-05 10:26:58,37450.0,500,Buy,275794844
2025-03-05 10:26:58,37450.0,700,Buy,275794843
2025-03-05 10:26:58,37450.0,500,Buy,275794845
2025-03-05 10:27:07,37450.0,700,Buy,275795039
2025-03-05 10:27:07,37450.0,500,Buy,275795040
2025-03-05 10:27:10,37450.0,1500,Buy,275795101
2025-03-05 10:27:10,37450.0,3500,Buy,275795102
2025-03-05 10:27:12,37450.0,500,Buy,275795123
2025-03-05 10:27:12,37450.0,5000,Buy,275795124
2025-03-05 10:27:12,37450.0,500,Buy,275795125
2025-03-05 10:27:12,37450.0,4000,Buy,275795126
2025-03-05 10:27:14,37400.0,2000,Sell,275795159
2025-03-05 10:27:16,37450.0,2000,Buy,275795196
2025-03-05 10:27:18,37450.0,400,Buy,275795304
2025-03-05 10:27:18,37450.0,600,Buy,275795305
2025-03-05 10:27:23,37450.0,1100,Buy,275795457
2025-03-05 10:27:29,37450.0,1400,Buy,275795603
2025-03-05 10:27:33,37450.0,500,Buy,275795715
2025-03-05 10:27:33,37450.0,1000,Buy,275795707
2025-03-05 10:27:33,37450.0,1500,Buy,275795714
2025-03-05 10:27:38,37450.0,1000,Buy,275795809
2025-03-05 10:27:39,37450.0,400,Buy,275795831
2025-03-05 10:27:39,37450.0,700,Buy,275795832
2025-03-05 10:27:40,37450.0,4300,Buy,275795850
2025-03-05 10:27:40,37450.0,1000,Buy,275795851
2025-03-05 10:27:40,37450.0,100,Buy,275795852
2025-03-05 10:27:45,37450.0,3000,Buy,275795951
2025-03-05 10:27:46,37450.0,200,Buy,275795953
2025-03-05 10:27:48,37450.0,700,Buy,275796021
2025-03-05 10:27:48,37450.0,1000,Buy,275796022
2025-03-05 10:27:48,37450.0,100,Buy,275796023
2025-03-05 10:27:48,37450.0,1000,Buy,275796024
2025-03-05 10:27:51,37450.0,1100,Buy,275796107
2025-03-05 10:27:51,37450.0,500,Buy,275796106
2025-03-05 10:27:51,37450.0,4100,Buy,275796104
2025-03-05 10:27:51,37450.0,100,Buy,275796102
2025-03-05 10:27:51,37450.0,100,Buy,275796105
2025-03-05 10:27:51,37450.0,100,Buy,275796103
2025-03-05 10:27:54,37450.0,1100,Buy,275796141
2025-03-05 10:27:59,37450.0,200,Buy,275796209
2025-03-05 10:28:02,37450.0,8400,Buy,275796287
2025-03-05 10:28:02,37450.0,3100,Buy,275796288
2025-03-05 10:28:02,37450.0,100,Buy,275796289
2025-03-05 10:28:10,37500.0,900,Buy,275796421
2025-03-05 10:28:10,37500.0,300,Buy,275796422
2025-03-05 10:28:26,37500.0,1100,Buy,275796782
2025-03-05 10:28:38,37500.0,7700,Buy,275797003
2025-03-05 10:28:42,37500.0,1100,Buy,275797068
2025-03-05 10:28:43,37450.0,1000,Sell,275797118
2025-03-05 10:28:57,37500.0,1200,Buy,275797326
2025-03-05 10:29:13,37500.0,1100,Buy,275797618
2025-03-05 10:29:29,37500.0,1200,Buy,275797879
2025-03-05 10:29:45,37500.0,1100,Buy,275798239
2025-03-05 10:30:00,37500.0,1200,Buy,275798591
2025-03-05 10:30:06,37500.0,300,Buy,275798821
2025-03-05 10:30:17,37500.0,1100,Buy,275799097
2025-03-05 10:30:32,37500.0,1100,Buy,275799518
2025-03-05 10:30:42,37500.0,1500,Buy,275799653
2025-03-05 10:30:46,37500.0,100,Buy,275799703
2025-03-05 10:30:48,37500.0,1100,Buy,275799832
2025-03-05 10:31:03,37500.0,1200,Buy,275800358
2025-03-05 10:31:03,37450.0,3400,Sell,275800361
2025-03-05 10:31:03,37450.0,6300,Sell,275800362
2025-03-05 10:31:11,37500.0,1500,Buy,275800633
2025-03-05 10:31:11,37450.0,1300,Sell,275800615
2025-03-05 10:31:11,37450.0,3700,Sell,275800614
2025-03-05 10:31:17,37450.0,100,Sell,275800778
2025-03-05 10:31:19,37500.0,1100,Buy,275800814
2025-03-05 10:31:20,37500.0,200,Buy,275800826
2025-03-05 10:31:20,37500.0,300,Buy,275800827
2025-03-05 10:31:30,37500.0,1000,Buy,275801100
2025-03-05 10:31:30,37500.0,2000,Buy,275801099
2025-03-05 10:31:30,37500.0,200,Buy,275801098
2025-03-05 10:31:30,37500.0,1000,Buy,275801096
2025-03-05 10:31:30,37500.0,100,Buy,275801095
2025-03-05 10:31:30,37500.0,400,Buy,275801094
2025-03-05 10:31:30,37500.0,4000,Buy,275801093
2025-03-05 10:31:30,37500.0,5000,Buy,275801092
2025-03-05 10:31:30,37500.0,500,Buy,275801097
2025-03-05 10:31:30,37500.0,100,Buy,275801090
2025-03-05 10:31:30,37500.0,2200,Buy,275801089
2025-03-05 10:31:30,37500.0,1000,Buy,275801088
2025-03-05 10:31:30,37500.0,7100,Buy,275801087
2025-03-05 10:31:30,37500.0,2300,Buy,275801086
2025-03-05 10:31:30,37500.0,100,Buy,275801085
2025-03-05 10:31:30,37500.0,300,Buy,275801084
2025-03-05 10:31:30,37500.0,1700,Buy,275801083
2025-03-05 10:31:30,37500.0,1000,Buy,275801091
2025-03-05 10:31:31,37500.0,100,Buy,275801187
2025-03-05 10:31:31,37500.0,400,Buy,275801188
2025-03-05 10:31:33,37500.0,700,Buy,275801316
2025-03-05 10:31:33,37500.0,200,Buy,275801314
2025-03-05 10:31:33,37500.0,100,Buy,275801315
2025-03-05 10:31:34,37500.0,3100,Buy,275801354
2025-03-05 10:31:34,37500.0,1000,Buy,275801344
2025-03-05 10:31:34,37500.0,2400,Buy,275801346
2025-03-05 10:31:34,37500.0,500,Buy,275801347
2025-03-05 10:31:34,37500.0,10000,Buy,275801348
2025-03-05 10:31:34,37500.0,100,Buy,275801349
2025-03-05 10:31:34,37500.0,200,Buy,275801350
2025-03-05 10:31:34,37500.0,2500,Buy,275801351
2025-03-05 10:31:34,37500.0,1300,Buy,275801352
2025-03-05 10:31:34,37500.0,4400,Buy,275801353
2025-03-05 10:31:34,37500.0,300,Buy,275801355
2025-03-05 10:31:34,37500.0,100,Buy,275801363
2025-03-05 10:31:34,37500.0,900,Buy,275801358
2025-03-05 10:31:34,37500.0,3000,Buy,275801359
2025-03-05 10:31:34,37500.0,500,Buy,275801360
2025-03-05 10:31:34,37500.0,500,Buy,275801361
2025-03-05 10:31:34,37500.0,3100,Buy,275801362
2025-03-05 10:31:34,37500.0,3000,Buy,275801364
2025-03-05 10:31:34,37500.0,300,Buy,275801365
2025-03-05 10:31:34,37500.0,100,Buy,275801366
2025-03-05 10:31:34,37500.0,100,Buy,275801367
2025-03-05 10:31:34,37500.0,300,Buy,275801368
2025-03-05 10:31:34,37500.0,100,Buy,275801356
2025-03-05 10:31:34,37500.0,1000,Buy,275801342
2025-03-05 10:31:34,37500.0,1000,Buy,275801345
2025-03-05 10:31:34,37500.0,800,Buy,275801343
2025-03-05 10:31:34,37500.0,2300,Buy,275801317
2025-03-05 10:31:34,37500.0,100,Buy,275801318
2025-03-05 10:31:34,37500.0,500,Buy,275801319
2025-03-05 10:31:34,37500.0,3000,Buy,275801320
2025-03-05 10:31:34,37500.0,2000,Buy,275801321
2025-03-05 10:31:34,37500.0,3100,Buy,275801322
2025-03-05 10:31:34,37500.0,3900,Buy,275801323
2025-03-05 10:31:34,37500.0,500,Buy,275801324
2025-03-05 10:31:34,37500.0,900,Buy,275801325
2025-03-05 10:31:34,37500.0,1000,Buy,275801326
2025-03-05 10:31:34,37500.0,500,Buy,275801328
2025-03-05 10:31:34,37500.0,1000,Buy,275801327
2025-03-05 10:31:34,37500.0,2000,Buy,275801330
2025-03-05 10:31:34,37500.0,1000,Buy,275801331
2025-03-05 10:31:34,37500.0,20000,Buy,275801332
2025-03-05 10:31:34,37500.0,100,Buy,275801333
2025-03-05 10:31:34,37500.0,4000,Buy,275801334
2025-03-05 10:31:34,37500.0,5000,Buy,275801335
2025-03-05 10:31:34,37500.0,1000,Buy,275801336
2025-03-05 10:31:34,37500.0,4000,Buy,275801337
2025-03-05 10:31:34,37500.0,1000,Buy,275801338
2025-03-05 10:31:34,37500.0,1000,Buy,275801339
2025-03-05 10:31:34,37500.0,1000,Buy,275801340
2025-03-05 10:31:34,37500.0,1000,Buy,275801329
2025-03-05 10:31:34,37500.0,500,Buy,275801341
2025-03-05 10:31:35,37500.0,1100,Buy,275801427
2025-03-05 10:31:35,37500.0,1100,Buy,275801425
2025-03-05 10:31:35,37500.0,300,Buy,275801426
2025-03-05 10:31:38,37500.0,100,Buy,275801507
2025-03-05 10:31:38,37500.0,500,Buy,275801503
2025-03-05 10:31:38,37500.0,1500,Buy,275801506
2025-03-05 10:31:39,37550.0,2900,Buy,275801534
2025-03-05 10:31:43,37550.0,400,Buy,275801743
2025-03-05 10:31:43,37550.0,200,Buy,275801742
2025-03-05 10:31:43,37550.0,2000,Buy,275801741
2025-03-05 10:31:43,37550.0,100,Buy,275801739
2025-03-05 10:31:43,37550.0,200,Buy,275801738
2025-03-05 10:31:43,37550.0,900,Buy,275801740
2025-03-05 10:31:43,37550.0,100,Buy,275801736
2025-03-05 10:31:43,37550.0,25000,Buy,275801735
2025-03-05 10:31:43,37550.0,100,Buy,275801734
2025-03-05 10:31:43,37550.0,100,Buy,275801733
2025-03-05 10:31:43,37550.0,1000,Buy,275801732
2025-03-05 10:31:43,37550.0,5000,Buy,275801731
2025-03-05 10:31:43,37550.0,100,Buy,275801737
2025-03-05 10:31:45,37550.0,1000,Buy,275801823
2025-03-05 10:31:45,37550.0,100,Buy,275801818
2025-03-05 10:31:45,37550.0,1000,Buy,275801819
2025-03-05 10:31:45,37550.0,500,Buy,275801820
2025-03-05 10:31:45,37550.0,500,Buy,275801821
2025-03-05 10:31:45,37550.0,1000,Buy,275801822
2025-03-05 10:31:45,37550.0,500,Buy,275801817
2025-03-05 10:31:45,37550.0,4000,Buy,275801843
2025-03-05 10:31:45,37550.0,500,Buy,275801826
2025-03-05 10:31:45,37550.0,1000,Buy,275801827
2025-03-05 10:31:45,37550.0,500,Buy,275801828
2025-03-05 10:31:45,37550.0,300,Buy,275801829
2025-03-05 10:31:45,37550.0,25000,Buy,275801830
2025-03-05 10:31:45,37550.0,4000,Buy,275801831
2025-03-05 10:31:45,37550.0,2200,Buy,275801824
2025-03-05 10:31:45,37550.0,5000,Buy,275801816
2025-03-05 10:31:45,37550.0,1000,Buy,275801825
2025-03-05 10:31:45,37550.0,500,Buy,275801814
2025-03-05 10:31:45,37550.0,10000,Buy,275801815
2025-03-05 10:31:45,37550.0,400,Buy,275801799
2025-03-05 10:31:45,37550.0,4700,Buy,275801801
2025-03-05 10:31:45,37550.0,100,Buy,275801802
2025-03-05 10:31:45,37550.0,1000,Buy,275801803
2025-03-05 10:31:45,37550.0,10000,Buy,275801804
2025-03-05 10:31:45,37550.0,300,Buy,275801805
2025-03-05 10:31:45,37550.0,500,Buy,275801800
2025-03-05 10:31:45,37550.0,100,Buy,275801807
2025-03-05 10:31:45,37550.0,3000,Buy,275801808
2025-03-05 10:31:45,37550.0,300,Buy,275801809
2025-03-05 10:31:45,37550.0,1000,Buy,275801810
2025-03-05 10:31:45,37550.0,9000,Buy,275801811
2025-03-05 10:31:45,37550.0,500,Buy,275801812
2025-03-05 10:31:45,37550.0,1200,Buy,275801806
2025-03-05 10:31:45,37550.0,500,Buy,275801813
2025-03-05 10:31:50,37600.0,1000,Buy,275801994
2025-03-05 10:31:50,37600.0,100,Buy,275801995
2025-03-05 10:31:50,37600.0,8500,Buy,275801996
2025-03-05 10:31:51,37600.0,2700,Buy,275802166
2025-03-05 10:31:51,37600.0,500,Buy,275802165
2025-03-05 10:31:51,37600.0,500,Buy,275802164
2025-03-05 10:31:51,37600.0,1000,Buy,275802163
2025-03-05 10:31:51,37600.0,800,Buy,275802159
2025-03-05 10:31:51,37600.0,1000,Buy,275802161
2025-03-05 10:31:51,37600.0,1500,Buy,275802160
2025-03-05 10:31:51,37600.0,30000,Buy,275802167
2025-03-05 10:31:51,37600.0,500,Buy,275802162
2025-03-05 10:31:51,37600.0,7000,Buy,275802168
2025-03-05 10:31:51,37650.0,100,Buy,275802181
2025-03-05 10:31:51,37600.0,300,Buy,275802170
2025-03-05 10:31:51,37600.0,50000,Buy,275802171
2025-03-05 10:31:51,37600.0,4000,Buy,275802172
2025-03-05 10:31:51,37600.0,100,Buy,275802173
2025-03-05 10:31:51,37600.0,1000,Buy,275802174
2025-03-05 10:31:51,37650.0,100,Buy,275802179
2025-03-05 10:31:51,37650.0,1000,Buy,275802180
2025-03-05 10:31:51,37600.0,100,Buy,275802158
2025-03-05 10:31:51,37650.0,500,Buy,275802182
2025-03-05 10:31:51,37650.0,17300,Buy,275802183
2025-03-05 10:31:51,37600.0,200,Buy,275802169
2025-03-05 10:31:51,37600.0,2000,Buy,275802157
2025-03-05 10:31:51,37600.0,500,Buy,275802153
2025-03-05 10:31:51,37600.0,5000,Buy,275802155
2025-03-05 10:31:51,37600.0,21500,Buy,275802133
2025-03-05 10:31:51,37600.0,100,Buy,275802134
2025-03-05 10:31:51,37600.0,500,Buy,275802135
2025-03-05 10:31:51,37600.0,2000,Buy,275802136
2025-03-05 10:31:51,37600.0,2500,Buy,275802156
2025-03-05 10:31:51,37600.0,10000,Buy,275802138
2025-03-05 10:31:51,37600.0,100,Buy,275802139
2025-03-05 10:31:51,37600.0,200,Buy,275802140
2025-03-05 10:31:51,37600.0,100,Buy,275802141
2025-03-05 10:31:51,37600.0,100,Buy,275802142
2025-03-05 10:31:51,37600.0,100,Buy,275802137
2025-03-05 10:31:51,37600.0,1500,Buy,275802144
2025-03-05 10:31:51,37600.0,200,Buy,275802145
2025-03-05 10:31:51,37600.0,1000,Buy,275802146
2025-03-05 10:31:51,37600.0,100,Buy,275802147
2025-03-05 10:31:51,37600.0,800,Buy,275802148
2025-03-05 10:31:51,37600.0,200,Buy,275802149
2025-03-05 10:31:51,37600.0,500,Buy,275802150
2025-03-05 10:31:51,37600.0,300,Buy,275802151
2025-03-05 10:31:51,37600.0,1000,Buy,275802152
2025-03-05 10:31:51,37600.0,2000,Buy,275802154
2025-03-05 10:31:51,37600.0,1000,Buy,275802143
2025-03-05 10:31:54,37650.0,300,Buy,275802258
2025-03-05 10:31:54,37650.0,4100,Buy,275802230
2025-03-05 10:31:58,37650.0,3000,Buy,275802363
2025-03-05 10:31:59,37650.0,300,Buy,275802448
2025-03-05 10:31:59,37650.0,1000,Buy,275802449
2025-03-05 10:31:59,37650.0,200,Buy,275802450
2025-03-05 10:31:59,37650.0,4000,Buy,275802451
2025-03-05 10:31:59,37650.0,200,Buy,275802452
2025-03-05 10:31:59,37650.0,1000,Buy,275802453
2025-03-05 10:31:59,37650.0,1300,Buy,275802454
2025-03-05 10:31:59,37650.0,900,Buy,275802457
2025-03-05 10:31:59,37650.0,100,Buy,275802458
2025-03-05 10:32:00,37650.0,100,Buy,275802498
2025-03-05 10:32:01,37650.0,800,Buy,275802503
2025-03-05 10:32:01,37650.0,100,Buy,275802504
2025-03-05 10:32:06,37700.0,100,Buy,275802679
2025-03-05 10:32:06,37700.0,100,Buy,275802680
2025-03-05 10:32:06,37700.0,2000,Buy,275802681
2025-03-05 10:32:06,37700.0,1000,Buy,275802682
2025-03-05 10:32:06,37700.0,2000,Buy,275802683
2025-03-05 10:32:06,37700.0,100,Buy,275802684
2025-03-05 10:32:07,37700.0,1100,Buy,275802743
2025-03-05 10:32:07,37700.0,7200,Buy,275802733
2025-03-05 10:32:07,37700.0,7100,Buy,275802719
2025-03-05 10:32:07,37700.0,200,Buy,275802715
2025-03-05 10:32:07,37700.0,200,Buy,275802717
2025-03-05 10:32:07,37700.0,500,Buy,275802718
2025-03-05 10:32:07,37700.0,1000,Buy,275802716
2025-03-05 10:32:08,37700.0,1200,Buy,275802744
2025-03-05 10:32:10,37700.0,2000,Buy,275802803
2025-03-05 10:32:11,37700.0,5000,Buy,275802820
2025-03-05 10:32:12,37700.0,1000,Buy,275802837
2025-03-05 10:32:13,37700.0,400,Buy,275802871
2025-03-05 10:32:13,37700.0,500,Buy,275802885
2025-03-05 10:32:13,37700.0,200,Buy,275802884
2025-03-05 10:32:13,37700.0,100,Buy,275802883
2025-03-05 10:32:13,37700.0,400,Buy,275802882
2025-03-05 10:32:13,37700.0,200,Buy,275802881
2025-03-05 10:32:13,37700.0,10000,Buy,275802880
2025-03-05 10:32:13,37700.0,2800,Buy,275802887
2025-03-05 10:32:13,37700.0,100,Buy,275802878
2025-03-05 10:32:13,37700.0,3800,Buy,275802879
2025-03-05 10:32:13,37700.0,500,Buy,275802872
2025-03-05 10:32:13,37700.0,100,Buy,275802873
2025-03-05 10:32:13,37700.0,300,Buy,275802886
2025-03-05 10:32:13,37700.0,10000,Buy,275802875
2025-03-05 10:32:13,37700.0,900,Buy,275802874
2025-03-05 10:32:13,37700.0,200,Buy,275802876
2025-03-05 10:32:13,37700.0,500,Buy,275802877
2025-03-05 10:32:14,37700.0,5000,Buy,275802888
2025-03-05 10:32:15,37700.0,700,Buy,275802931
2025-03-05 10:32:15,37700.0,1900,Buy,275802930
2025-03-05 10:32:15,37700.0,100,Buy,275802905
2025-03-05 10:32:15,37700.0,200,Buy,275802929
2025-03-05 10:32:20,37700.0,500,Buy,275803061
2025-03-05 10:32:21,37700.0,500,Buy,275803094
2025-03-05 10:32:21,37700.0,200,Buy,275803095
2025-03-05 10:32:21,37700.0,200,Buy,275803096
2025-03-05 10:32:21,37700.0,200,Buy,275803093
2025-03-05 10:32:22,37700.0,1000,Buy,275803114
2025-03-05 10:32:22,37700.0,8800,Buy,275803118
2025-03-05 10:32:22,37700.0,100,Buy,275803119
2025-03-05 10:32:23,37700.0,3000,Sell,275803144
2025-03-05 10:32:27,37700.0,500,Sell,275803241
2025-03-05 10:32:30,37700.0,5000,Sell,275803362
2025-03-05 10:32:31,37700.0,100,Sell,275803387
2025-03-05 10:32:34,37750.0,100,Buy,275803510
2025-03-05 10:32:34,37700.0,2000,Sell,275803544
2025-03-05 10:32:34,37700.0,2500,Sell,275803554
2025-03-05 10:32:35,37750.0,100,Buy,275803578
2025-03-05 10:32:35,37750.0,100,Buy,275803579
2025-03-05 10:32:35,37750.0,1700,Buy,275803580
2025-03-05 10:32:35,37750.0,1700,Buy,275803581
2025-03-05 10:32:37,37750.0,200,Buy,275803719
2025-03-05 10:32:37,37750.0,200,Buy,275803712
2025-03-05 10:32:37,37750.0,1100,Buy,275803675
2025-03-05 10:32:42,37750.0,1000,Buy,275803911
2025-03-05 10:32:43,37750.0,2000,Buy,275803921
2025-03-05 10:32:45,37750.0,100,Buy,275803989
2025-03-05 10:32:48,37750.0,8700,Buy,275804136
2025-03-05 10:32:48,37750.0,1000,Buy,275804135
2025-03-05 10:32:48,37750.0,100,Buy,275804134
2025-03-05 10:32:48,37750.0,300,Buy,275804133
2025-03-05 10:32:48,37750.0,100,Buy,275804131
2025-03-05 10:32:48,37750.0,100,Buy,275804130
2025-03-05 10:32:48,37750.0,18200,Buy,275804129
2025-03-05 10:32:48,37750.0,500,Buy,275804067
2025-03-05 10:32:48,37750.0,100,Buy,275804132
2025-03-05 10:32:50,37750.0,1000,Buy,275804221
2025-03-05 10:32:50,37750.0,300,Buy,275804222
2025-03-05 10:32:50,37750.0,200,Buy,275804223
2025-03-05 10:32:50,37750.0,100,Buy,275804224
2025-03-05 10:32:51,37750.0,200,Buy,275804234
2025-03-05 10:32:51,37750.0,1100,Buy,275804235
2025-03-05 10:32:51,37750.0,600,Buy,275804242
2025-03-05 10:32:51,37750.0,300,Buy,275804243
2025-03-05 10:32:52,37750.0,1200,Buy,275804280
2025-03-05 10:32:52,37750.0,1000,Buy,275804276
2025-03-05 10:32:52,37750.0,900,Buy,275804272
2025-03-05 10:32:52,37750.0,100,Buy,275804270
2025-03-05 10:32:52,37750.0,500,Buy,275804269
2025-03-05 10:32:52,37750.0,500,Buy,275804271
2025-03-05 10:32:52,37750.0,3000,Buy,275804268
2025-03-05 10:32:54,37750.0,900,Buy,275804402
2025-03-05 10:32:57,37750.0,4000,Sell,275804483
2025-03-05 10:32:57,37750.0,100,Sell,275804484
2025-03-05 10:32:57,37750.0,5800,Sell,275804485
2025-03-05 10:32:57,37750.0,1000,Sell,275804486
2025-03-05 10:32:57,37750.0,200,Sell,275804487
2025-03-05 10:32:57,37750.0,100,Sell,275804488
2025-03-05 10:32:57,37750.0,400,Sell,275804489
2025-03-05 10:32:58,37750.0,5000,Buy,275804554
2025-03-05 10:32:59,37750.0,5000,Buy,275804579
2025-03-05 10:33:03,37750.0,100,Buy,275804847
2025-03-05 10:33:03,37750.0,10000,Buy,275804851
2025-03-05 10:33:04,37750.0,1000,Buy,275804884
2025-03-05 10:33:06,37750.0,200,Buy,275805003
2025-03-05 10:33:07,37750.0,2600,Buy,275805052
2025-03-05 10:33:09,37750.0,1000,Buy,275805128
2025-03-05 10:33:09,37750.0,1100,Buy,275805119
2025-03-05 10:33:10,37750.0,700,Buy,275805146
2025-03-05 10:33:11,37750.0,2000,Buy,275805160
2025-03-05 10:33:12,37750.0,800,Buy,275805194
2025-03-05 10:33:12,37750.0,200,Buy,275805195
2025-03-05 10:33:13,37750.0,4200,Buy,275805243
2025-03-05 10:33:13,37750.0,4500,Buy,275805244
2025-03-05 10:33:13,37750.0,300,Buy,275805245
2025-03-05 10:33:13,37750.0,100,Buy,275805246
2025-03-05 10:33:14,37750.0,1000,Buy,275805254
2025-03-05 10:33:14,37750.0,500,Buy,275805255
2025-03-05 10:33:14,37750.0,100,Buy,275805256
2025-03-05 10:33:14,37750.0,500,Buy,275805257
2025-03-05 10:33:14,37750.0,500,Buy,275805258
2025-03-05 10:33:14,37750.0,2500,Sell,275805265
2025-03-05 10:33:17,37750.0,500,Buy,275805425
2025-03-05 10:33:23,37750.0,1000,Buy,275805596
2025-03-05 10:33:23,37750.0,200,Buy,275805603
2025-03-05 10:33:23,37750.0,1700,Buy,275805595
2025-03-05 10:33:24,37750.0,1100,Buy,275805629
2025-03-05 10:33:25,37750.0,1000,Buy,275805674
2025-03-05 10:33:28,37750.0,2000,Buy,275805834
2025-03-05 10:33:28,37750.0,500,Buy,275805835
2025-03-05 10:33:28,37750.0,3100,Buy,275805836
2025-03-05 10:33:28,37750.0,1000,Buy,275805837
2025-03-05 10:33:28,37750.0,500,Buy,275805838
2025-03-05 10:33:28,37800.0,100,Buy,275805839
2025-03-05 10:33:28,37800.0,500,Buy,275805840
2025-03-05 10:33:28,37800.0,500,Buy,275805841
2025-03-05 10:33:28,37800.0,100,Buy,275805842
2025-03-05 10:33:28,37800.0,400,Buy,275805843
2025-03-05 10:33:28,37800.0,900,Buy,275805844
2025-03-05 10:33:33,37750.0,100,Sell,275805977
2025-03-05 10:33:33,37800.0,200,Buy,275806006
2025-03-05 10:33:40,37800.0,1200,Buy,275806190
2025-03-05 10:33:41,37800.0,200,Buy,275806213
2025-03-05 10:33:42,37800.0,5800,Buy,275806309
2025-03-05 10:33:49,37800.0,100,Buy,275806552
2025-03-05 10:33:49,37800.0,100,Buy,275806562
2025-03-05 10:33:50,37800.0,300,Buy,275806579
2025-03-05 10:33:51,37750.0,100,Sell,275806607
2025-03-05 10:33:55,37750.0,1400,Sell,275806744
2025-03-05 10:33:55,37750.0,1500,Sell,275806745
2025-03-05 10:33:56,37800.0,300,Buy,275806764
2025-03-05 10:33:56,37800.0,500,Buy,275806768
2025-03-05 10:33:56,37800.0,700,Buy,275806769
2025-03-05 10:33:57,37800.0,2300,Buy,275806771
2025-03-05 10:33:57,37750.0,2000,Sell,275806784
2025-03-05 10:34:01,37750.0,100,Sell,275806903
2025-03-05 10:34:02,37750.0,500,Sell,275806932
2025-03-05 10:34:02,37750.0,1000,Sell,275806913
2025-03-05 10:34:02,37750.0,500,Sell,275806939
2025-03-05 10:34:03,37750.0,4400,Sell,275806960
2025-03-05 10:34:03,37750.0,200,Sell,275806961
2025-03-05 10:34:03,37750.0,400,Sell,275806962
2025-03-05 10:34:03,37800.0,1400,Buy,275806969
2025-03-05 10:34:08,37800.0,1600,Buy,275807148
2025-03-05 10:34:09,37800.0,1000,Buy,275807175
2025-03-05 10:34:09,37750.0,100,Sell,275807176
2025-03-05 10:34:09,37750.0,400,Sell,275807177
2025-03-05 10:34:13,37800.0,1100,Buy,275807265
2025-03-05 10:34:18,37800.0,11500,Buy,275807470
2025-03-05 10:34:18,37800.0,200,Buy,275807469
2025-03-05 10:34:18,37750.0,1000,Sell,275807471
2025-03-05 10:34:18,37800.0,600,Buy,275807467
2025-03-05 10:34:18,37800.0,300,Buy,275807466
2025-03-05 10:34:18,37800.0,1900,Buy,275807465
2025-03-05 10:34:18,37800.0,500,Buy,275807468
2025-03-05 10:34:20,37800.0,3000,Buy,275807492
2025-03-05 10:34:20,37750.0,400,Sell,275807495
2025-03-05 10:34:20,37750.0,2000,Sell,275807496
2025-03-05 10:34:20,37750.0,500,Sell,275807497
2025-03-05 10:34:20,37750.0,6000,Sell,275807498
2025-03-05 10:34:20,37750.0,1100,Sell,275807499
2025-03-05 10:34:23,37750.0,1000,Sell,275807577
2025-03-05 10:34:24,37800.0,2000,Buy,275807603
2025-03-05 10:34:28,37800.0,1100,Buy,275807689
2025-03-05 10:34:29,37800.0,1000,Buy,275807703
2025-03-05 10:34:31,37800.0,6400,Buy,275807792
2025-03-05 10:34:31,37800.0,100,Buy,275807793
2025-03-05 10:34:31,37800.0,3000,Buy,275807794
2025-03-05 10:34:31,37800.0,500,Buy,275807795
2025-03-05 10:34:32,37800.0,1800,Buy,275807837
2025-03-05 10:34:32,37800.0,200,Buy,275807836
2025-03-05 10:34:32,37800.0,1500,Buy,275807835
2025-03-05 10:34:33,37800.0,1000,Buy,275807855
2025-03-05 10:34:37,37800.0,2200,Buy,275807955
2025-03-05 10:34:37,37800.0,400,Buy,275807956
2025-03-05 10:34:38,37800.0,500,Buy,275807981
2025-03-05 10:34:39,37800.0,100,Buy,275808022
2025-03-05 10:34:39,37800.0,900,Buy,275808023
2025-03-05 10:34:39,37800.0,100,Buy,275808030
2025-03-05 10:34:39,37800.0,100,Buy,275808031
2025-03-05 10:34:39,37800.0,3000,Buy,275808032
2025-03-05 10:34:39,37800.0,1800,Buy,275808033
2025-03-05 10:34:39,37800.0,3000,Buy,275808034
2025-03-05 10:34:40,37800.0,2200,Buy,275808068
2025-03-05 10:34:40,37800.0,500,Buy,275808071
2025-03-05 10:34:40,37800.0,7300,Buy,275808072
2025-03-05 10:34:43,37800.0,1100,Buy,275808177
2025-03-05 10:34:43,37800.0,300,Buy,275808147
2025-03-05 10:34:43,37800.0,100,Buy,275808173
2025-03-05 10:34:46,37800.0,500,Buy,275808295
2025-03-05 10:34:49,37800.0,100,Buy,275808391
2025-03-05 10:34:53,37750.0,100,Sell,275808497
2025-03-05 10:34:54,37800.0,1900,Buy,275808564
2025-03-05 10:34:54,37800.0,1000,Buy,275808563
2025-03-05 10:34:54,37800.0,500,Buy,275808562
2025-03-05 10:34:54,37800.0,4400,Buy,275808561
2025-03-05 10:34:54,37800.0,700,Buy,275808560
2025-03-05 10:34:54,37800.0,2000,Buy,275808559
2025-03-05 10:34:54,37800.0,1000,Buy,275808555
2025-03-05 10:34:54,37800.0,10000,Buy,275808556
2025-03-05 10:34:54,37800.0,400,Buy,275808554
2025-03-05 10:34:54,37800.0,800,Buy,275808558
2025-03-05 10:34:54,37800.0,100,Buy,275808552
2025-03-05 10:34:54,37800.0,5000,Buy,275808553
2025-03-05 10:34:54,37800.0,600,Buy,275808543
2025-03-05 10:34:54,37800.0,2000,Buy,275808544
2025-03-05 10:34:54,37800.0,200,Buy,275808545
2025-03-05 10:34:54,37800.0,100,Buy,275808546
2025-03-05 10:34:54,37800.0,100,Buy,275808557
2025-03-05 10:34:54,37800.0,2000,Buy,275808548
2025-03-05 10:34:54,37800.0,5000,Buy,275808549
2025-03-05 10:34:54,37800.0,2000,Buy,275808551
2025-03-05 10:34:54,37800.0,10000,Buy,275808550
2025-03-05 10:34:54,37800.0,200,Buy,275808547
2025-03-05 10:34:57,37750.0,500,Sell,275808662
2025-03-05 10:34:58,37800.0,1800,Buy,275808664
2025-03-05 10:34:59,37800.0,1100,Buy,275808683
2025-03-05 10:35:00,37800.0,100,Buy,275808734
2025-03-05 10:35:02,37800.0,500,Buy,275808819
2025-03-05 10:35:02,37800.0,500,Buy,275808820
2025-03-05 10:35:02,37800.0,100,Buy,275808821
2025-03-05 10:35:02,37800.0,1400,Buy,275808825
2025-03-05 10:35:02,37800.0,200,Buy,275808823
2025-03-05 10:35:02,37800.0,200,Buy,275808824
2025-03-05 10:35:02,37800.0,1000,Buy,275808818
2025-03-05 10:35:02,37800.0,500,Buy,275808822
2025-03-05 10:35:02,37800.0,500,Buy,275808817
2025-03-05 10:35:02,37800.0,100,Buy,275808814
2025-03-05 10:35:02,37800.0,1000,Buy,275808815
2025-03-05 10:35:02,37800.0,6500,Buy,275808813
2025-03-05 10:35:02,37800.0,200,Buy,275808812
2025-03-05 10:35:02,37800.0,13300,Buy,275808809
2025-03-05 10:35:02,37800.0,1000,Buy,275808808
2025-03-05 10:35:02,37800.0,500,Buy,275808807
2025-03-05 10:35:02,37800.0,100,Buy,275808806
2025-03-05 10:35:02,37800.0,5100,Buy,275808805
2025-03-05 10:35:02,37800.0,1000,Buy,275808816
2025-03-05 10:35:03,37800.0,20000,Buy,275808855
2025-03-05 10:35:03,37800.0,100,Buy,275808854
2025-03-05 10:35:03,37800.0,13700,Buy,275808856
2025-03-05 10:35:03,37800.0,1000,Buy,275808852
2025-03-05 10:35:03,37800.0,500,Buy,275808853
2025-03-05 10:35:03,37800.0,1000,Buy,275808850
2025-03-05 10:35:03,37800.0,100,Buy,275808851
2025-03-05 10:35:03,37800.0,500,Buy,275808849
2025-03-05 10:35:03,37800.0,2600,Buy,275808847
2025-03-05 10:35:03,37800.0,500,Buy,275808848
2025-03-05 10:35:04,37800.0,1000,Buy,275808896
2025-03-05 10:35:05,37800.0,2000,Buy,275808943
2025-03-05 10:35:05,37800.0,1000,Buy,275808944
2025-03-05 10:35:05,37800.0,32000,Buy,275808936
2025-03-05 10:35:05,37800.0,200,Buy,275808934
2025-03-05 10:35:05,37800.0,500,Buy,275808933
2025-03-05 10:35:05,37800.0,100,Buy,275808932
2025-03-05 10:35:05,37800.0,100,Buy,275808935
2025-03-05 10:35:05,37800.0,2000,Buy,275808930
2025-03-05 10:35:05,37800.0,500,Buy,275808929
2025-03-05 10:35:05,37800.0,3100,Buy,275808928
2025-03-05 10:35:05,37800.0,100,Buy,275808927
2025-03-05 10:35:05,37800.0,5000,Buy,275808926
2025-03-05 10:35:05,37800.0,1000,Buy,275808925
2025-03-05 10:35:05,37800.0,5300,Buy,275808924
2025-03-05 10:35:05,37800.0,100,Buy,275808931
2025-03-05 10:35:06,37800.0,100,Buy,275808965
2025-03-05 10:35:07,37800.0,2000,Buy,275808979
2025-03-05 10:35:07,37800.0,200,Buy,275808971
2025-03-05 10:35:07,37800.0,1000,Buy,275808978
2025-03-05 10:35:09,37800.0,6000,Buy,275809012
2025-03-05 10:35:09,37800.0,1600,Buy,275809024
2025-03-05 10:35:09,37800.0,2000,Buy,275809025
2025-03-05 10:35:11,37800.0,2100,Buy,275809047
2025-03-05 10:35:11,37800.0,900,Buy,275809048
2025-03-05 10:35:13,37800.0,100,Buy,275809103
2025-03-05 10:35:14,37800.0,100,Buy,275809162
2025-03-05 10:35:14,37800.0,2000,Buy,275809161
2025-03-05 10:35:14,37800.0,100,Buy,275809160
2025-03-05 10:35:14,37800.0,100,Buy,275809159
2025-03-05 10:35:14,37800.0,1200,Buy,275809141
2025-03-05 10:35:14,37800.0,2700,Buy,275809158
2025-03-05 10:35:14,37800.0,100,Buy,275809140
2025-03-05 10:35:15,37800.0,1000,Buy,275809194
2025-03-05 10:35:15,37800.0,1900,Buy,275809184
2025-03-05 10:35:15,37800.0,100,Buy,275809185
2025-03-05 10:35:15,37800.0,1000,Buy,275809186
2025-03-05 10:35:17,37800.0,100,Buy,275809231
2025-03-05 10:35:17,37800.0,700,Buy,275809232
2025-03-05 10:35:19,37800.0,300,Buy,275809259
2025-03-05 10:35:19,37800.0,200,Buy,275809260
2025-03-05 10:35:19,37800.0,500,Buy,275809273
2025-03-05 10:35:21,37800.0,2100,Buy,275809306
2025-03-05 10:35:21,37800.0,200,Buy,275809298
2025-03-05 10:35:21,37800.0,500,Buy,275809293
2025-03-05 10:35:21,37800.0,200,Buy,275809299
2025-03-05 10:35:21,37800.0,100,Buy,275809291
2025-03-05 10:35:21,37800.0,1000,Buy,275809292
2025-03-05 10:35:21,37800.0,100,Buy,275809290
2025-03-05 10:35:21,37800.0,1300,Buy,275809289
2025-03-05 10:35:25,37800.0,1700,Sell,275809408
2025-03-05 10:35:25,37800.0,100,Sell,275809405
2025-03-05 10:35:25,37800.0,8000,Sell,275809406
2025-03-05 10:35:25,37800.0,200,Sell,275809407
2025-03-05 10:35:26,37850.0,500,Buy,275809414
2025-03-05 10:35:26,37850.0,100,Buy,275809428
2025-03-05 10:35:26,37800.0,5000,Sell,275809419
2025-03-05 10:35:27,37850.0,500,Buy,275809446
2025-03-05 10:35:27,37800.0,2000,Sell,275809455
2025-03-05 10:35:29,37750.0,1500,Sell,275809497
2025-03-05 10:35:29,37800.0,1300,Sell,275809493
2025-03-05 10:35:29,37800.0,5000,Sell,275809494
2025-03-05 10:35:29,37750.0,200,Sell,275809495
2025-03-05 10:35:29,37750.0,2000,Sell,275809496
2025-03-05 10:35:30,37850.0,1100,Buy,275809557
2025-03-05 10:35:30,37850.0,100,Buy,275809558
2025-03-05 10:35:34,37800.0,900,Sell,275809658
2025-03-05 10:35:34,37850.0,100,Buy,275809659
2025-03-05 10:35:35,37800.0,4100,Sell,275809693
2025-03-05 10:35:35,37800.0,1000,Sell,275809694
2025-03-05 10:35:35,37800.0,4000,Sell,275809695
2025-03-05 10:35:35,37800.0,900,Sell,275809696
2025-03-05 10:35:35,37800.0,100,Sell,275809698
2025-03-05 10:35:35,37800.0,900,Sell,275809699
2025-03-05 10:35:42,37850.0,1000,Buy,275809906
2025-03-05 10:35:46,37850.0,1200,Buy,275810048
2025-03-05 10:35:49,37850.0,5000,Buy,275810140
2025-03-05 10:35:51,37850.0,15900,Buy,275810170
2025-03-05 10:35:51,37850.0,7100,Buy,275810171
2025-03-05 10:35:51,37850.0,500,Buy,275810172
2025-03-05 10:35:54,37800.0,500,Sell,275810274
2025-03-05 10:35:54,37800.0,1000,Sell,275810290
2025-03-05 10:35:56,37800.0,25600,Sell,275810331
2025-03-05 10:35:56,37800.0,600,Sell,275810332
2025-03-05 10:35:56,37800.0,200,Sell,275810333
2025-03-05 10:35:56,37800.0,3000,Sell,275810334
2025-03-05 10:35:56,37800.0,600,Sell,275810335
2025-03-05 10:35:57,37850.0,7400,Buy,275810358
2025-03-05 10:35:57,37850.0,12600,Buy,275810359
2025-03-05 10:35:59,37800.0,3600,Sell,275810442
2025-03-05 10:35:59,37850.0,300,Buy,275810433
2025-03-05 10:35:59,37850.0,8300,Buy,275810436
2025-03-05 10:35:59,37850.0,1000,Buy,275810435
2025-03-05 10:35:59,37850.0,100,Buy,275810434
2025-03-05 10:35:59,37850.0,500,Buy,275810432
2025-03-05 10:35:59,37800.0,1000,Sell,275810441
2025-03-05 10:35:59,37850.0,100,Buy,275810430
2025-03-05 10:35:59,37850.0,300,Buy,275810431
2025-03-05 10:35:59,37850.0,7400,Buy,275810425
2025-03-05 10:35:59,37850.0,1000,Buy,275810426
2025-03-05 10:35:59,37800.0,400,Sell,275810440
2025-03-05 10:35:59,37850.0,500,Buy,275810427
2025-03-05 10:35:59,37850.0,10000,Buy,275810429
2025-03-05 10:35:59,37850.0,500,Buy,275810428
2025-03-05 10:36:01,37800.0,100,Sell,275810508
2025-03-05 10:36:01,37800.0,1300,Sell,275810509
2025-03-05 10:36:01,37800.0,500,Sell,275810510
2025-03-05 10:36:01,37800.0,2000,Sell,275810511
2025-03-05 10:36:01,37800.0,100,Sell,275810512
2025-03-05 10:36:01,37800.0,3000,Sell,275810513
2025-03-05 10:36:01,37800.0,3100,Buy,275810514
2025-03-05 10:36:01,37800.0,100,Sell,275810525
2025-03-05 10:36:01,37800.0,200,Sell,275810528
2025-03-05 10:36:01,37800.0,6600,Sell,275810536
2025-03-05 10:36:01,37800.0,600,Sell,275810537
2025-03-05 10:36:01,37800.0,1000,Sell,275810538
2025-03-05 10:36:02,37850.0,300,Buy,275810549
2025-03-05 10:36:02,37800.0,800,Buy,275810548
2025-03-05 10:36:02,37800.0,500,Buy,275810544
2025-03-05 10:36:02,37800.0,500,Buy,275810546
2025-03-05 10:36:05,37800.0,1500,Sell,275810601
2025-03-05 10:36:06,37800.0,200,Buy,275810616
2025-03-05 10:36:06,37800.0,6100,Buy,275810633
2025-03-05 10:36:07,37800.0,1700,Buy,275810663
2025-03-05 10:36:10,37750.0,1500,Sell,275810729
2025-03-05 10:36:10,37750.0,3500,Sell,275810730
2025-03-05 10:36:12,37750.0,1100,Sell,275810788
2025-03-05 10:36:12,37750.0,1800,Sell,275810786
2025-03-05 10:36:12,37750.0,200,Sell,275810787
2025-03-05 10:36:16,37800.0,100,Buy,275810926
2025-03-05 10:36:17,37800.0,400,Buy,275810940
2025-03-05 10:36:17,37800.0,100,Buy,275810941
2025-03-05 10:36:17,37800.0,500,Buy,275810942
2025-03-05 10:36:18,37800.0,1100,Buy,275810951
2025-03-05 10:36:20,37800.0,100,Buy,275811047
2025-03-05 10:36:24,37750.0,500,Sell,275811171
2025-03-05 10:36:26,37750.0,5000,Sell,275811216
2025-03-05 10:36:27,37750.0,200,Sell,275811265
2025-03-05 10:36:27,37800.0,7000,Buy,275811249
2025-03-05 10:36:28,37800.0,1300,Buy,275811294
2025-03-05 10:36:28,37800.0,500,Buy,275811295
2025-03-05 10:36:28,37800.0,200,Buy,275811296
2025-03-05 10:36:28,37800.0,500,Buy,275811301
2025-03-05 10:36:30,37750.0,1000,Sell,275811364
2025-03-05 10:36:31,37750.0,100,Sell,275811386
2025-03-05 10:36:31,37750.0,300,Sell,275811387
2025-03-05 10:36:31,37750.0,4000,Sell,275811388
2025-03-05 10:36:31,37750.0,500,Buy,275811395
2025-03-05 10:36:31,37800.0,500,Buy,275811396
2025-03-05 10:36:31,37750.0,100,Sell,275811385
2025-03-05 10:36:32,37750.0,100,Buy,275811420
2025-03-05 10:36:33,37750.0,1200,Buy,275811448
2025-03-05 10:36:33,37750.0,1900,Sell,275811438
2025-03-05 10:36:35,37750.0,100,Buy,275811481
2025-03-05 10:36:39,37750.0,200,Buy,275811619
2025-03-05 10:36:47,37700.0,100,Sell,275811822
2025-03-05 10:36:47,37700.0,900,Sell,275811823
2025-03-05 10:36:48,37700.0,1000,Sell,275811850
2025-03-05 10:36:49,37700.0,500,Sell,275811922
2025-03-05 10:36:49,37750.0,1100,Buy,275811932
2025-03-05 10:36:52,37700.0,1000,Sell,275812002
2025-03-05 10:36:55,37700.0,5000,Sell,275812104
2025-03-05 10:36:56,37750.0,100,Buy,275812131
2025-03-05 10:36:56,37700.0,10000,Sell,275812129
2025-03-05 10:36:57,37700.0,1600,Sell,275812140
2025-03-05 10:36:57,37700.0,2000,Sell,275812141
2025-03-05 10:36:57,37700.0,300,Sell,275812142
2025-03-05 10:36:57,37700.0,1000,Sell,275812143
2025-03-05 10:36:57,37700.0,4000,Sell,275812144
2025-03-05 10:36:57,37700.0,8000,Sell,275812145
2025-03-05 10:36:57,37700.0,1700,Sell,275812146
2025-03-05 10:37:01,37700.0,2000,Sell,275812304
2025-03-05 10:37:02,37700.0,100,Sell,275812311
2025-03-05 10:37:02,37700.0,5000,Sell,275812310
2025-03-05 10:37:02,37700.0,100,Sell,275812333
2025-03-05 10:37:03,37700.0,1000,Sell,275812353
2025-03-05 10:37:05,37700.0,1800,Sell,275812457
2025-03-05 10:37:05,37750.0,1200,Buy,275812456
2025-03-05 10:37:06,37700.0,100,Buy,275812478
2025-03-05 10:37:12,37700.0,600,Buy,275812605
2025-03-05 10:37:15,37700.0,200,Buy,275812714
2025-03-05 10:37:19,37700.0,3000,Buy,275812801
2025-03-05 10:37:20,37700.0,3000,Buy,275812830
2025-03-05 10:37:20,37650.0,4100,Sell,275812837
2025-03-05 10:37:20,37650.0,5000,Sell,275812838
2025-03-05 10:37:20,37650.0,7700,Sell,275812839
2025-03-05 10:37:21,37700.0,1200,Buy,275812847
2025-03-05 10:37:21,37700.0,500,Buy,275812852
2025-03-05 10:37:22,37650.0,1000,Sell,275812876
2025-03-05 10:37:22,37650.0,500,Sell,275812875
2025-03-05 10:37:22,37650.0,200,Sell,275812874
2025-03-05 10:37:22,37650.0,2300,Sell,275812872
2025-03-05 10:37:22,37700.0,100,Buy,275812867
2025-03-05 10:37:22,37650.0,1000,Sell,275812873
2025-03-05 10:37:26,37700.0,4300,Buy,275812986
2025-03-05 10:37:27,37700.0,900,Buy,275813030
2025-03-05 10:37:28,37650.0,1000,Sell,275813057
2025-03-05 10:37:29,37600.0,200,Sell,275813083
2025-03-05 10:37:34,37650.0,200,Buy,275813212
2025-03-05 10:37:37,37650.0,1100,Buy,275813299
2025-03-05 10:37:41,37650.0,100,Buy,275813416
2025-03-05 10:37:42,37650.0,1800,Buy,275813458
2025-03-05 10:37:47,37650.0,800,Buy,275813612
2025-03-05 10:37:47,37650.0,1400,Buy,275813613
2025-03-05 10:37:49,37600.0,1500,Sell,275813653
2025-03-05 10:37:52,37650.0,300,Buy,275813720
2025-03-05 10:37:52,37650.0,500,Buy,275813719
2025-03-05 10:37:52,37650.0,600,Buy,275813717
2025-03-05 10:37:52,37650.0,1000,Buy,275813718
2025-03-05 10:37:58,37650.0,500,Sell,275813838
2025-03-05 10:38:03,37650.0,100,Sell,275813988
2025-03-05 10:38:03,37650.0,400,Sell,275813989
2025-03-05 10:38:07,37650.0,700,Sell,275814107
2025-03-05 10:38:07,37650.0,2300,Sell,275814108
2025-03-05 10:38:08,37700.0,1200,Buy,275814132
2025-03-05 10:38:12,37650.0,1000,Sell,275814229
2025-03-05 10:38:18,37650.0,1700,Sell,275814352
2025-03-05 10:38:18,37650.0,3300,Sell,275814353
2025-03-05 10:38:22,37650.0,1000,Sell,275814431
2025-03-05 10:38:23,37650.0,3000,Sell,275814447
2025-03-05 10:38:24,37700.0,1100,Buy,275814476
2025-03-05 10:38:40,37700.0,1100,Buy,275814865
2025-03-05 10:38:41,37650.0,600,Sell,275814882
2025-03-05 10:38:43,37650.0,7000,Sell,275814911
2025-03-05 10:38:45,37650.0,2000,Sell,275814976
2025-03-05 10:38:45,37650.0,5100,Sell,275814974
2025-03-05 10:38:45,37650.0,200,Sell,275814975
2025-03-05 10:38:48,37650.0,2000,Buy,275815101
2025-03-05 10:38:55,37650.0,1200,Buy,275815268
2025-03-05 10:38:55,37650.0,400,Buy,275815271
2025-03-05 10:38:59,37650.0,100,Buy,275815367
2025-03-05 10:39:01,37650.0,4400,Buy,275815392
2025-03-05 10:39:01,37650.0,1000,Buy,275815395
2025-03-05 10:39:01,37650.0,500,Buy,275815396
2025-03-05 10:39:01,37650.0,500,Buy,275815397
2025-03-05 10:39:01,37650.0,100,Sell,275815402
2025-03-05 10:39:04,37650.0,2000,Sell,275815445
2025-03-05 10:39:04,37650.0,1500,Sell,275815448
2025-03-05 10:39:04,37650.0,800,Sell,275815449
2025-03-05 10:39:04,37650.0,800,Sell,275815450
2025-03-05 10:39:11,37650.0,200,Buy,275815662
2025-03-05 10:39:15,37650.0,100,Sell,275815736
2025-03-05 10:39:15,37650.0,900,Sell,275815735
2025-03-05 10:39:16,37650.0,900,Sell,275815757
2025-03-05 10:39:27,37650.0,1100,Buy,275815972
2025-03-05 10:39:30,37650.0,6000,Buy,275816020
2025-03-05 10:39:30,37650.0,1000,Buy,275816021
2025-03-05 10:39:30,37650.0,1900,Buy,275816022
2025-03-05 10:39:38,37650.0,100,Buy,275816170
2025-03-05 10:39:38,37650.0,1000,Buy,275816171
2025-03-05 10:39:39,37650.0,1900,Sell,275816191
2025-03-05 10:39:39,37650.0,900,Buy,275816192
2025-03-05 10:39:39,37650.0,4100,Sell,275816204
2025-03-05 10:39:40,37650.0,4000,Buy,275816226
2025-03-05 10:39:42,37650.0,400,Buy,275816258
2025-03-05 10:39:43,37650.0,1100,Buy,275816268
2025-03-05 10:39:49,37650.0,2900,Buy,275816374
2025-03-05 10:39:54,37650.0,1000,Buy,275816442
2025-03-05 10:39:54,37650.0,500,Buy,275816441
2025-03-05 10:39:54,37650.0,800,Buy,275816440
2025-03-05 10:39:54,37650.0,100,Buy,275816438
2025-03-05 10:39:54,37650.0,12500,Buy,275816436
2025-03-05 10:39:54,37650.0,1000,Buy,275816439
2025-03-05 10:39:54,37650.0,800,Buy,275816437
2025-03-05 10:39:55,37650.0,2000,Sell,275816447
2025-03-05 10:39:58,37700.0,900,Buy,275816496
2025-03-05 10:39:58,37700.0,200,Buy,275816497
2025-03-05 10:40:12,37700.0,1000,Buy,275816720
2025-03-05 10:40:14,37700.0,1100,Buy,275816752
2025-03-05 10:40:20,37700.0,1200,Buy,275816885
2025-03-05 10:40:20,37700.0,800,Buy,275816884
2025-03-05 10:40:29,37700.0,1100,Buy,275817085
2025-03-05 10:40:31,37700.0,500,Buy,275817112
2025-03-05 10:40:38,37650.0,1000,Sell,275817215
2025-03-05 10:40:45,37700.0,1100,Buy,275817390
2025-03-05 10:40:46,37650.0,1700,Sell,275817404
2025-03-05 10:40:46,37650.0,300,Sell,275817403
2025-03-05 10:40:49,37700.0,1000,Buy,275817436
2025-03-05 10:41:01,37700.0,1100,Buy,275817662
2025-03-05 10:41:01,37700.0,100,Buy,275817661
2025-03-05 10:41:17,37700.0,1100,Buy,275817962
2025-03-05 10:41:29,37650.0,100,Sell,275818265
2025-03-05 10:41:29,37650.0,2000,Sell,275818266
2025-03-05 10:41:33,37700.0,1100,Buy,275818333
2025-03-05 10:41:42,37650.0,1200,Sell,275818603
2025-03-05 10:41:42,37650.0,800,Sell,275818604
2025-03-05 10:41:48,37700.0,1100,Buy,275818716
2025-03-05 10:41:52,37700.0,500,Buy,275818851
2025-03-05 10:41:56,37650.0,300,Sell,275818914
2025-03-05 10:41:56,37650.0,2500,Sell,275818927
2025-03-05 10:41:56,37650.0,600,Sell,275818928
2025-03-05 10:41:56,37650.0,100,Sell,275818933
2025-03-05 10:41:56,37650.0,200,Sell,275818934
2025-03-05 10:42:00,37700.0,2400,Buy,275818988
2025-03-05 10:42:00,37700.0,100,Buy,275818986
2025-03-05 10:42:00,37700.0,500,Buy,275818987
2025-03-05 10:42:04,37700.0,1100,Buy,275819081
2025-03-05 10:42:10,37700.0,1000,Buy,275819202
2025-03-05 10:42:19,37700.0,500,Buy,275819379
2025-03-05 10:42:19,37700.0,500,Buy,275819380
2025-03-05 10:42:19,37700.0,100,Buy,275819381
2025-03-05 10:42:20,37650.0,2000,Sell,275819397
2025-03-05 10:42:21,37650.0,100,Sell,275819436
2025-03-05 10:42:21,37700.0,400,Buy,275819410
2025-03-05 10:42:24,37650.0,100,Sell,275819510
2025-03-05 10:42:26,37650.0,500,Sell,275819545
2025-03-05 10:42:26,37650.0,1400,Sell,275819560
2025-03-05 10:42:26,37650.0,100,Sell,275819561
2025-03-05 10:42:27,37650.0,400,Sell,275819598
2025-03-05 10:42:35,37700.0,1100,Buy,275819742
2025-03-05 10:42:45,37650.0,1600,Sell,275819909
2025-03-05 10:42:45,37650.0,300,Sell,275819910
2025-03-05 10:42:45,37650.0,1000,Sell,275819908
2025-03-05 10:42:45,37650.0,3100,Sell,275819907
2025-03-05 10:42:50,37700.0,400,Buy,275820082
2025-03-05 10:42:50,37700.0,700,Buy,275820083
2025-03-05 10:43:06,37700.0,300,Buy,275820384
2025-03-05 10:43:06,37700.0,900,Buy,275820385
2025-03-05 10:43:08,37650.0,400,Sell,275820438
2025-03-05 10:43:08,37650.0,100,Sell,275820439
2025-03-05 10:43:21,37650.0,100,Sell,275820736
2025-03-05 10:43:22,37700.0,1100,Buy,275820740
2025-03-05 10:43:23,37650.0,800,Sell,275820769
2025-03-05 10:43:23,37650.0,1000,Sell,275820768
2025-03-05 10:43:23,37650.0,100,Sell,275820758
2025-03-05 10:43:23,37650.0,300,Sell,275820766
2025-03-05 10:43:23,37650.0,1900,Sell,275820765
2025-03-05 10:43:23,37650.0,1000,Sell,275820767
2025-03-05 10:43:35,37650.0,200,Sell,275821014
2025-03-05 10:43:35,37650.0,100,Sell,275821015
2025-03-05 10:43:35,37650.0,700,Sell,275821016
2025-03-05 10:43:37,37700.0,1100,Buy,275821068
2025-03-05 10:43:53,37700.0,1100,Buy,275821287
2025-03-05 10:44:09,37700.0,1200,Buy,275821632
2025-03-05 10:44:16,37700.0,200,Buy,275821786
2025-03-05 10:44:20,37650.0,300,Sell,275821823
2025-03-05 10:44:20,37650.0,2700,Sell,275821824
2025-03-05 10:44:22,37700.0,100,Buy,275821859
2025-03-05 10:44:24,37700.0,10000,Buy,275821886
2025-03-05 10:44:25,37650.0,300,Sell,275821904
2025-03-05 10:44:25,37650.0,300,Sell,275821905
2025-03-05 10:44:25,37650.0,1400,Sell,275821906
2025-03-05 10:44:25,37650.0,500,Sell,275821907
2025-03-05 10:44:25,37700.0,1100,Buy,275821898
2025-03-05 10:44:40,37700.0,1100,Buy,275822133
2025-03-05 10:44:56,37650.0,1000,Sell,275822485
2025-03-05 10:44:56,37650.0,2800,Sell,275822486
2025-03-05 10:44:56,37650.0,500,Sell,275822487
2025-03-05 10:44:56,37650.0,700,Sell,275822488
2025-03-05 10:44:56,37700.0,1100,Buy,275822493
2025-03-05 10:45:11,37650.0,300,Sell,275822707
2025-03-05 10:45:11,37650.0,4700,Sell,275822708
2025-03-05 10:45:12,37700.0,1100,Buy,275822720
2025-03-05 10:45:26,37650.0,300,Sell,275822911
2025-03-05 10:45:27,37650.0,700,Buy,275822929
2025-03-05 10:45:31,37650.0,400,Sell,275822972
2025-03-05 10:45:42,37650.0,1100,Buy,275823146
2025-03-05 10:45:58,37650.0,1100,Buy,275823320
2025-03-05 10:46:04,37600.0,500,Sell,275823454
2025-03-05 10:46:14,37650.0,1100,Buy,275823577
2025-03-05 10:46:30,37650.0,1200,Buy,275823877
2025-03-05 10:46:46,37650.0,1100,Buy,275824190
2025-03-05 10:47:01,37650.0,300,Buy,275824466
2025-03-05 10:47:01,37650.0,1100,Buy,275824467
2025-03-05 10:47:08,37600.0,1000,Sell,275824602
2025-03-05 10:47:16,37650.0,1100,Buy,275824728
2025-03-05 10:47:27,37650.0,3000,Buy,275824993
2025-03-05 10:47:27,37650.0,7200,Buy,275824994
2025-03-05 10:47:27,37650.0,3100,Buy,275824991
2025-03-05 10:47:27,37650.0,16500,Buy,275824990
2025-03-05 10:47:27,37650.0,200,Buy,275824992
2025-03-05 10:47:32,37650.0,1100,Buy,275825083
2025-03-05 10:47:48,37650.0,1200,Buy,275825380
2025-03-05 10:48:04,37650.0,1100,Buy,275825652
2025-03-05 10:48:05,37600.0,100,Sell,275825658
2025-03-05 10:48:09,37600.0,400,Sell,275825737
2025-03-05 10:48:09,37600.0,500,Sell,275825736
2025-03-05 10:48:09,37600.0,2000,Sell,275825735
2025-03-05 10:48:09,37600.0,1000,Sell,275825732
2025-03-05 10:48:09,37600.0,1000,Sell,275825733
2025-03-05 10:48:09,37600.0,15000,Sell,275825731
2025-03-05 10:48:09,37600.0,1700,Sell,275825730
2025-03-05 10:48:09,37600.0,3400,Sell,275825734
2025-03-05 10:48:10,37600.0,500,Sell,275825755
2025-03-05 10:48:10,37600.0,100,Sell,275825754
2025-03-05 10:48:10,37600.0,1200,Sell,275825756
2025-03-05 10:48:10,37600.0,1000,Sell,275825752
2025-03-05 10:48:10,37600.0,200,Sell,275825753
2025-03-05 10:48:10,37600.0,200,Sell,275825751
2025-03-05 10:48:20,37650.0,1100,Buy,275825910
2025-03-05 10:48:35,37600.0,1100,Buy,275826190
2025-03-05 10:48:51,37600.0,1100,Buy,275826505
2025-03-05 10:49:02,37600.0,100,Buy,275826750
2025-03-05 10:49:07,37600.0,1200,Buy,275826832
2025-03-05 10:49:12,37550.0,300,Sell,275826914
2025-03-05 10:49:23,37600.0,1100,Buy,275827117
2025-03-05 10:49:38,37600.0,1200,Buy,275827448
2025-03-05 10:49:47,37550.0,500,Sell,275827582
2025-03-05 10:49:51,37600.0,200,Buy,275827646
2025-03-05 10:49:54,37550.0,400,Sell,275827696
2025-03-05 10:49:54,37550.0,400,Sell,275827697
2025-03-05 10:49:54,37550.0,100,Sell,275827698
2025-03-05 10:49:54,37550.0,100,Sell,275827699
2025-03-05 10:49:54,37550.0,1000,Sell,275827700
2025-03-05 10:49:55,37600.0,1100,Buy,275827717
2025-03-05 10:50:10,37600.0,1200,Buy,275827977
2025-03-05 10:50:26,37600.0,1100,Buy,275828325
2025-03-05 10:50:27,37550.0,1500,Sell,275828354
2025-03-05 10:50:32,37500.0,500,Sell,275828452
2025-03-05 10:50:32,37500.0,1000,Sell,275828453
2025-03-05 10:50:32,37500.0,500,Sell,275828454
2025-03-05 10:50:32,37500.0,1000,Sell,275828455
2025-03-05 10:50:32,37500.0,3000,Sell,275828456
2025-03-05 10:50:32,37500.0,100,Sell,275828457
2025-03-05 10:50:32,37500.0,200,Sell,275828458
2025-03-05 10:50:32,37500.0,300,Sell,275828459
2025-03-05 10:50:32,37500.0,5000,Sell,275828460
2025-03-05 10:50:32,37500.0,400,Sell,275828461
2025-03-05 10:50:32,37500.0,500,Sell,275828462
2025-03-05 10:50:32,37500.0,600,Sell,275828463
2025-03-05 10:50:32,37500.0,2000,Sell,275828464
2025-03-05 10:50:32,37500.0,5000,Sell,275828465
2025-03-05 10:50:37,37500.0,200,Buy,275828550
2025-03-05 10:50:41,37500.0,1100,Buy,275828626
2025-03-05 10:50:56,37500.0,100,Buy,275828893
2025-03-05 10:50:56,37500.0,1100,Buy,275828898
2025-03-05 10:50:58,37500.0,200,Buy,275828952
2025-03-05 10:51:02,37450.0,100,Sell,275829060
2025-03-05 10:51:12,37500.0,1200,Buy,275829343
2025-03-05 10:51:22,37500.0,1000,Buy,275829561
2025-03-05 10:51:28,37500.0,1200,Buy,275829650
2025-03-05 10:51:45,37500.0,1100,Buy,275829891
2025-03-05 10:52:01,37500.0,100,Buy,275830283
2025-03-05 10:52:01,37500.0,200,Buy,275830284
2025-03-05 10:52:01,37500.0,800,Buy,275830282
2025-03-05 10:52:11,37500.0,300,Buy,275830479
2025-03-05 10:52:13,37500.0,100,Buy,275830509
2025-03-05 10:52:16,37500.0,1100,Buy,275830536
2025-03-05 10:52:26,37500.0,1000,Buy,275830705
2025-03-05 10:52:27,37500.0,100,Buy,275830712
2025-03-05 10:52:32,37500.0,1100,Buy,275830796
2025-03-05 10:52:43,37450.0,3100,Sell,275831081
2025-03-05 10:52:43,37450.0,2900,Sell,275831080
2025-03-05 10:52:48,37500.0,1200,Buy,275831197
2025-03-05 10:53:04,37500.0,1100,Buy,275831490
2025-03-05 10:53:08,37450.0,200,Sell,275831578
2025-03-05 10:53:14,37500.0,400,Buy,275831659
2025-03-05 10:53:19,37500.0,1200,Buy,275831752
2025-03-05 10:53:35,37500.0,1200,Buy,275832040
2025-03-05 10:53:43,37500.0,2000,Buy,275832201
2025-03-05 10:53:52,37500.0,1100,Buy,275832369
2025-03-05 10:54:07,37500.0,1100,Buy,275832714
2025-03-05 10:54:22,37500.0,1100,Buy,275833055
2025-03-05 10:54:28,37500.0,200,Buy,275833176
2025-03-05 10:54:30,37500.0,1000,Buy,275833204
2025-03-05 10:54:31,37500.0,300,Buy,275833217
2025-03-05 10:54:38,37500.0,1100,Buy,275833310
2025-03-05 10:54:53,37500.0,1200,Buy,275833519
2025-03-05 10:54:57,37450.0,100,Sell,275833578
2025-03-05 10:54:59,37500.0,200,Buy,275833606
2025-03-05 10:55:09,37500.0,1100,Buy,275833919
2025-03-05 10:55:25,37500.0,1100,Buy,275834257
2025-03-05 10:55:30,37500.0,300,Buy,275834330
2025-03-05 10:55:40,37500.0,1100,Buy,275834528
2025-03-05 10:55:55,37500.0,1100,Buy,275834820
2025-03-05 10:56:06,37500.0,1000,Buy,275835034
2025-03-05 10:56:11,37500.0,1200,Buy,275835127
2025-03-05 10:56:19,37500.0,500,Buy,275835373
2025-03-05 10:56:27,37500.0,1200,Buy,275835500
2025-03-05 10:56:35,37500.0,800,Buy,275835626
2025-03-05 10:56:44,37500.0,1100,Buy,275835791
2025-03-05 10:57:00,37500.0,1200,Buy,275836038
2025-03-05 10:57:07,37500.0,1000,Buy,275836185
2025-03-05 10:57:16,37500.0,1100,Buy,275836391
2025-03-05 10:57:19,37450.0,600,Sell,275836451
2025-03-05 10:57:19,37450.0,400,Sell,275836452
2025-03-05 10:57:31,37500.0,1200,Buy,275836674
2025-03-05 10:57:48,37500.0,1100,Buy,275837014
2025-03-05 10:58:04,37500.0,1100,Buy,275837226
2025-03-05 10:58:19,37500.0,1200,Buy,275837530
2025-03-05 10:58:35,37500.0,1100,Buy,275837819
2025-03-05 10:58:39,37500.0,1000,Buy,275837873
2025-03-05 10:58:47,37500.0,100,Buy,275838035
2025-03-05 10:58:48,37450.0,1600,Sell,275838047
2025-03-05 10:58:50,37500.0,1100,Buy,275838099
2025-03-05 10:59:07,37500.0,1100,Buy,275838403
2025-03-05 10:59:08,37500.0,1100,Buy,275838434
2025-03-05 10:59:08,37500.0,2000,Buy,275838433
2025-03-05 10:59:08,37500.0,1500,Buy,275838432
2025-03-05 10:59:08,37500.0,600,Buy,275838431
2025-03-05 10:59:08,37500.0,100,Buy,275838430
2025-03-05 10:59:08,37500.0,3100,Buy,275838429
2025-03-05 10:59:08,37500.0,3000,Buy,275838426
2025-03-05 10:59:08,37500.0,1000,Buy,275838428
2025-03-05 10:59:08,37500.0,200,Buy,275838424
2025-03-05 10:59:08,37500.0,25000,Buy,275838425
2025-03-05 10:59:08,37500.0,800,Buy,275838417
2025-03-05 10:59:08,37500.0,7400,Buy,275838418
2025-03-05 10:59:08,37500.0,500,Buy,275838419
2025-03-05 10:59:08,37500.0,4000,Buy,275838427
2025-03-05 10:59:08,37500.0,3100,Buy,275838421
2025-03-05 10:59:08,37500.0,500,Buy,275838422
2025-03-05 10:59:08,37500.0,3100,Buy,275838423
2025-03-05 10:59:08,37500.0,3000,Buy,275838420
2025-03-05 10:59:10,37500.0,100,Buy,275838472
2025-03-05 10:59:12,37500.0,1900,Buy,275838485
2025-03-05 10:59:12,37500.0,3000,Buy,275838486
2025-03-05 10:59:12,37500.0,3100,Buy,275838487
2025-03-05 10:59:22,37550.0,1200,Buy,275838668
2025-03-05 10:59:38,37550.0,1200,Buy,275838998
2025-03-05 10:59:55,37550.0,1100,Buy,275839256
2025-03-05 10:59:56,37500.0,2900,Sell,275839270
2025-03-05 11:00:06,37500.0,3100,Sell,275839448
2025-03-05 11:00:10,37550.0,1200,Buy,275839499
2025-03-05 11:00:26,37550.0,1100,Buy,275839784
2025-03-05 11:00:28,37550.0,900,Buy,275839816
2025-03-05 11:00:42,37550.0,1100,Buy,275840016
2025-03-05 11:00:44,37550.0,5000,Buy,275840031
2025-03-05 11:00:53,37550.0,100,Buy,275840141
2025-03-05 11:00:58,37550.0,1200,Buy,275840207
2025-03-05 11:01:04,37500.0,500,Sell,275840383
2025-03-05 11:01:07,37500.0,500,Sell,275840425
2025-03-05 11:01:07,37500.0,2500,Sell,275840426
2025-03-05 11:01:14,37550.0,1100,Buy,275840552
2025-03-05 11:01:29,37550.0,1200,Buy,275840800
2025-03-05 11:01:33,37500.0,500,Sell,275840880
2025-03-05 11:01:46,37550.0,1100,Buy,275841074
2025-03-05 11:02:01,37550.0,1200,Buy,275841362
2025-03-05 11:02:09,37550.0,500,Buy,275841477
2025-03-05 11:02:17,37550.0,1100,Buy,275841590
2025-03-05 11:02:28,37550.0,100,Buy,275841767
2025-03-05 11:02:33,37550.0,1100,Buy,275841835
2025-03-05 11:02:35,37550.0,400,Buy,275841866
2025-03-05 11:02:35,37550.0,2000,Buy,275841864
2025-03-05 11:02:35,37550.0,600,Buy,275841865
2025-03-05 11:02:40,37550.0,300,Buy,275841961
2025-03-05 11:02:48,37550.0,300,Buy,275842105
2025-03-05 11:02:48,37550.0,800,Buy,275842106
2025-03-05 11:03:04,37550.0,1100,Buy,275842310
2025-03-05 11:03:18,37500.0,100,Sell,275842519
2025-03-05 11:03:18,37500.0,1000,Sell,275842520
2025-03-05 11:03:18,37500.0,900,Sell,275842521
2025-03-05 11:03:18,37500.0,1000,Sell,275842522
2025-03-05 11:03:18,37500.0,1000,Sell,275842523
2025-03-05 11:03:18,37500.0,1300,Sell,275842524
2025-03-05 11:03:20,37550.0,1100,Buy,275842563
2025-03-05 11:03:36,37550.0,1100,Buy,275842925
2025-03-05 11:03:39,37550.0,400,Buy,275842969
2025-03-05 11:03:51,37500.0,100,Sell,275843146
2025-03-05 11:03:51,37550.0,1100,Buy,275843141
2025-03-05 11:03:55,37500.0,1000,Sell,275843189
2025-03-05 11:03:55,37500.0,1000,Sell,275843190
2025-03-05 11:04:00,37500.0,1000,Buy,275843275
2025-03-05 11:04:07,37550.0,1100,Buy,275843428
2025-03-05 11:04:22,37550.0,1100,Buy,275843701
2025-03-05 11:04:38,37550.0,1100,Buy,275843892
2025-03-05 11:04:46,37500.0,1000,Sell,275844006
2025-03-05 11:04:54,37500.0,1100,Buy,275844132
2025-03-05 11:04:57,37450.0,1900,Sell,275844199
2025-03-05 11:04:57,37450.0,5000,Sell,275844198
2025-03-05 11:04:57,37450.0,200,Sell,275844196
2025-03-05 11:04:57,37450.0,2000,Sell,275844194
2025-03-05 11:04:57,37450.0,500,Sell,275844193
2025-03-05 11:04:57,37450.0,2000,Sell,275844197
2025-03-05 11:04:57,37450.0,1700,Sell,275844191
2025-03-05 11:04:57,37450.0,5000,Sell,275844192
2025-03-05 11:04:57,37450.0,600,Sell,275844187
2025-03-05 11:04:57,37450.0,1000,Sell,275844188
2025-03-05 11:04:57,37450.0,1000,Sell,275844195
2025-03-05 11:04:57,37450.0,100,Sell,275844190
2025-03-05 11:04:57,37450.0,2000,Sell,275844189
2025-03-05 11:05:10,37500.0,1200,Buy,275844391
2025-03-05 11:05:12,37450.0,1000,Sell,275844419
2025-03-05 11:05:21,37450.0,2000,Sell,275844582
2025-03-05 11:05:26,37500.0,1100,Buy,275844673
2025-03-05 11:05:42,37500.0,500,Buy,275845063
2025-03-05 11:05:42,37500.0,700,Buy,275845064
2025-03-05 11:05:58,37500.0,1200,Buy,275845358
2025-03-05 11:06:15,37500.0,1100,Buy,275845658
2025-03-05 11:06:30,37500.0,100,Buy,275845906
2025-03-05 11:06:30,37500.0,1000,Buy,275845907
2025-03-05 11:06:31,37500.0,1000,Buy,275845919
2025-03-05 11:06:46,37500.0,100,Buy,275846168
2025-03-05 11:06:46,37500.0,1100,Buy,275846167
2025-03-05 11:07:03,37500.0,1100,Buy,275846547
2025-03-05 11:07:18,37500.0,1200,Buy,275846822
2025-03-05 11:07:35,37500.0,1100,Buy,275847117
2025-03-05 11:07:51,37500.0,1100,Buy,275847386
2025-03-05 11:08:07,37500.0,1100,Buy,275847825
2025-03-05 11:08:21,37500.0,1200,Buy,275848116
2025-03-05 11:08:38,37500.0,1200,Buy,275848376
2025-03-05 11:08:54,37500.0,1100,Buy,275848648
2025-03-05 11:09:03,37500.0,100,Buy,275848844
2025-03-05 11:09:03,37500.0,900,Buy,275848843
2025-03-05 11:09:09,37500.0,1100,Buy,275848920
2025-03-05 11:09:25,37500.0,1200,Buy,275849142
2025-03-05 11:09:41,37500.0,1100,Buy,275849409
2025-03-05 11:09:56,37500.0,1100,Buy,275849634
2025-03-05 11:10:11,37500.0,1200,Buy,275849866
2025-03-05 11:10:19,37450.0,4000,Sell,275849983
2025-03-05 11:10:28,37500.0,1200,Buy,275850118
2025-03-05 11:10:44,37500.0,1200,Buy,275850399
2025-03-05 11:11:00,37500.0,1100,Buy,275850669
2025-03-05 11:11:15,37500.0,1100,Buy,275850945
2025-03-05 11:11:25,37450.0,1500,Sell,275851095
2025-03-05 11:11:25,37450.0,700,Sell,275851101
2025-03-05 11:11:25,37450.0,1000,Sell,275851100
2025-03-05 11:11:25,37450.0,2600,Sell,275851099
2025-03-05 11:11:25,37450.0,1100,Sell,275851094
2025-03-05 11:11:25,37450.0,100,Sell,275851097
2025-03-05 11:11:25,37450.0,2000,Sell,275851096
2025-03-05 11:11:25,37450.0,1000,Sell,275851098
2025-03-05 11:11:31,37500.0,1100,Buy,275851168
2025-03-05 11:11:47,37500.0,1100,Buy,275851388
2025-03-05 11:12:02,37500.0,1200,Buy,275851692
2025-03-05 11:12:09,37450.0,500,Sell,275851801
2025-03-05 11:12:19,37500.0,1200,Buy,275851980
2025-03-05 11:12:35,37500.0,1100,Buy,275852207
2025-03-05 11:12:50,37500.0,1200,Buy,275852476
2025-03-05 11:13:06,37500.0,700,Buy,275852847
2025-03-05 11:13:06,37500.0,400,Buy,275852848
2025-03-05 11:13:11,37450.0,300,Sell,275852924
2025-03-05 11:13:22,37500.0,1100,Buy,275853129
2025-03-05 11:13:37,37500.0,1100,Buy,275853410
2025-03-05 11:13:40,37450.0,6500,Sell,275853442
2025-03-05 11:13:40,37450.0,1500,Sell,275853441
2025-03-05 11:13:53,37500.0,500,Buy,275853672
2025-03-05 11:13:53,37500.0,600,Buy,275853673
2025-03-05 11:14:03,37500.0,500,Buy,275853861
2025-03-05 11:14:08,37500.0,1100,Buy,275853918
2025-03-05 11:14:17,37500.0,100,Buy,275854040
2025-03-05 11:14:24,37500.0,800,Buy,275854141
2025-03-05 11:14:24,37500.0,300,Buy,275854142
2025-03-05 11:14:39,37500.0,700,Buy,275854392
2025-03-05 11:14:39,37500.0,500,Buy,275854393
2025-03-05 11:14:56,37500.0,500,Buy,275854699
2025-03-05 11:14:56,37500.0,200,Buy,275854700
2025-03-05 11:14:56,37500.0,400,Buy,275854701
2025-03-05 11:15:11,37500.0,1200,Buy,275854989
2025-03-05 11:15:20,37500.0,1400,Buy,275855146
2025-03-05 11:15:20,37500.0,5600,Buy,275855147
2025-03-05 11:15:28,37500.0,1100,Buy,275855260
2025-03-05 11:15:43,37450.0,5000,Sell,275855488
2025-03-05 11:15:43,37500.0,1100,Buy,275855485
2025-03-05 11:15:58,37500.0,1100,Buy,275855755
2025-03-05 11:16:01,37450.0,1000,Sell,275855814
2025-03-05 11:16:14,37500.0,1200,Buy,275856067
2025-03-05 11:16:30,37500.0,1100,Buy,275856405
2025-03-05 11:16:35,37500.0,100,Buy,275856492
2025-03-05 11:16:46,37500.0,1100,Buy,275856718
2025-03-05 11:17:01,37500.0,1200,Buy,275856961
2025-03-05 11:17:17,37500.0,1200,Buy,275857252
2025-03-05 11:17:27,37500.0,3200,Buy,275857392
2025-03-05 11:17:33,37500.0,1100,Buy,275857472
2025-03-05 11:17:41,37450.0,5000,Sell,275857652
2025-03-05 11:17:49,37500.0,1100,Buy,275857782
2025-03-05 11:18:05,37500.0,1100,Buy,275858086
2025-03-05 11:18:20,37500.0,1100,Buy,275858293
2025-03-05 11:18:35,37500.0,1200,Buy,275858572
2025-03-05 11:18:51,37500.0,100,Buy,275858892
2025-03-05 11:18:52,37500.0,1100,Buy,275858897
2025-03-05 11:19:07,37500.0,1200,Buy,275859280
2025-03-05 11:19:08,37500.0,100,Buy,275859289
2025-03-05 11:19:23,37500.0,1100,Buy,275859540
2025-03-05 11:19:25,37500.0,400,Buy,275859551
2025-03-05 11:19:39,37500.0,1100,Buy,275859842
2025-03-05 11:19:52,37500.0,100,Buy,275859991
2025-03-05 11:19:55,37500.0,1100,Buy,275860055
2025-03-05 11:20:11,37500.0,1100,Buy,275860346
2025-03-05 11:20:26,37500.0,1200,Buy,275860600
2025-03-05 11:20:33,37500.0,200,Buy,275860703
2025-03-05 11:20:43,37500.0,1200,Buy,275860846
2025-03-05 11:20:59,37500.0,1200,Buy,275861174
2025-03-05 11:21:14,37500.0,8200,Buy,275861420
2025-03-05 11:21:14,37500.0,5000,Buy,275861419
2025-03-05 11:21:14,37500.0,3000,Buy,275861417
2025-03-05 11:21:14,37500.0,3100,Buy,275861418
2025-03-05 11:21:14,37500.0,500,Buy,275861416
2025-03-05 11:21:14,37500.0,800,Buy,275861412
2025-03-05 11:21:14,37500.0,1000,Buy,275861414
2025-03-05 11:21:14,37500.0,3100,Buy,275861415
2025-03-05 11:21:14,37500.0,3500,Buy,275861410
2025-03-05 11:21:14,37500.0,3100,Buy,275861411
2025-03-05 11:21:14,37500.0,3000,Buy,275861413
2025-03-05 11:21:15,37500.0,1200,Buy,275861443
2025-03-05 11:21:15,37500.0,3000,Buy,275861442
2025-03-05 11:21:15,37500.0,2000,Buy,275861441
2025-03-05 11:21:15,37500.0,100,Buy,275861440
2025-03-05 11:21:15,37500.0,100,Buy,275861439
2025-03-05 11:21:15,37500.0,3100,Buy,275861438
2025-03-05 11:21:15,37500.0,3100,Buy,275861437
2025-03-05 11:21:15,37500.0,2000,Buy,275861436
2025-03-05 11:21:15,37500.0,200,Buy,275861434
2025-03-05 11:21:15,37500.0,3000,Buy,275861433
2025-03-05 11:21:15,37500.0,3900,Buy,275861421
2025-03-05 11:21:15,37500.0,3000,Buy,275861431
2025-03-05 11:21:15,37500.0,1000,Buy,275861422
2025-03-05 11:21:15,37500.0,3100,Buy,275861423
2025-03-05 11:21:15,37500.0,200,Buy,275861432
2025-03-05 11:21:15,37500.0,100,Buy,275861425
2025-03-05 11:21:15,37500.0,3000,Buy,275861426
2025-03-05 11:21:15,37500.0,1300,Buy,275861424
2025-03-05 11:21:15,37500.0,1000,Buy,275861428
2025-03-05 11:21:15,37500.0,200,Buy,275861429
2025-03-05 11:21:15,37500.0,3100,Buy,275861430
2025-03-05 11:21:15,37500.0,3100,Buy,275861427
2025-03-05 11:21:15,37500.0,100,Buy,275861435
2025-03-05 11:21:23,37500.0,24800,Sell,275861542
2025-03-05 11:21:23,37500.0,200,Sell,275861543
2025-03-05 11:21:24,37500.0,500,Sell,275861552
2025-03-05 11:21:24,37500.0,400,Sell,275861553
2025-03-05 11:21:31,37550.0,1200,Buy,275861655
2025-03-05 11:21:47,37500.0,1200,Buy,275861950
2025-03-05 11:22:03,37500.0,1100,Buy,275862169
2025-03-05 11:22:19,37500.0,1200,Buy,275862424
2025-03-05 11:22:35,37500.0,3000,Buy,275862636
2025-03-05 11:22:35,37500.0,1100,Buy,275862649
2025-03-05 11:22:48,37500.0,800,Buy,275862850
2025-03-05 11:22:50,37500.0,1100,Buy,275862878
2025-03-05 11:23:06,37500.0,1200,Buy,275863174
2025-03-05 11:23:07,37450.0,400,Sell,275863194
2025-03-05 11:23:17,37450.0,500,Sell,275863332
2025-03-05 11:23:22,37500.0,1100,Buy,275863441
2025-03-05 11:23:31,37450.0,1000,Sell,275863598
2025-03-05 11:23:38,37500.0,1100,Buy,275863710
2025-03-05 11:23:53,37500.0,1100,Buy,275863975
2025-03-05 11:23:58,37450.0,2300,Sell,275864027
2025-03-05 11:23:59,37450.0,3000,Sell,275864046
2025-03-05 11:24:03,37450.0,1000,Sell,275864167
2025-03-05 11:24:03,37450.0,2500,Sell,275864166
2025-03-05 11:24:03,37450.0,4200,Sell,275864161
2025-03-05 11:24:03,37450.0,200,Sell,275864165
2025-03-05 11:24:03,37450.0,1000,Sell,275864164
2025-03-05 11:24:03,37450.0,100,Sell,275864163
2025-03-05 11:24:03,37450.0,800,Sell,275864162
2025-03-05 11:24:03,37450.0,100,Sell,275864160
2025-03-05 11:24:03,37450.0,900,Sell,275864153
2025-03-05 11:24:03,37450.0,11100,Sell,275864158
2025-03-05 11:24:03,37450.0,1000,Sell,275864157
2025-03-05 11:24:03,37450.0,100,Sell,275864156
2025-03-05 11:24:03,37450.0,300,Sell,275864155
2025-03-05 11:24:03,37450.0,100,Sell,275864154
2025-03-05 11:24:03,37450.0,200,Sell,275864152
2025-03-05 11:24:03,37450.0,17300,Sell,275864151
2025-03-05 11:24:03,37450.0,600,Sell,275864159
2025-03-05 11:24:09,37500.0,1100,Buy,275864251
2025-03-05 11:24:25,37500.0,1100,Buy,275864504
2025-03-05 11:24:38,37450.0,100,Sell,275864713
2025-03-05 11:24:40,37450.0,1100,Buy,275864751
2025-03-05 11:24:41,37450.0,700,Buy,275864780
2025-03-05 11:24:47,37450.0,300,Sell,275864885
2025-03-05 11:24:55,37450.0,900,Buy,275865043
2025-03-05 11:24:55,37450.0,200,Buy,275865042
2025-03-05 11:25:09,37450.0,4100,Buy,275865217
2025-03-05 11:25:09,37450.0,900,Buy,275865218
2025-03-05 11:25:11,37450.0,1100,Buy,275865250
2025-03-05 11:25:12,37450.0,100,Buy,275865274
2025-03-05 11:25:12,37450.0,100,Buy,275865275
2025-03-05 11:25:18,37450.0,200,Buy,275865342
2025-03-05 11:25:21,37450.0,300,Buy,275865410
2025-03-05 11:25:27,37450.0,400,Buy,275865501
2025-03-05 11:25:27,37450.0,700,Buy,275865502
2025-03-05 11:25:42,37450.0,300,Buy,275865797
2025-03-05 11:25:42,37450.0,800,Buy,275865798
2025-03-05 11:25:58,37450.0,1100,Buy,275866033
2025-03-05 11:26:02,37450.0,1000,Buy,275866097
2025-03-05 11:26:02,37400.0,100,Sell,275866092
2025-03-05 11:26:13,37450.0,1100,Buy,275866231
2025-03-05 11:26:29,37450.0,1000,Buy,275866467
2025-03-05 11:26:29,37450.0,100,Buy,275866468
2025-03-05 11:26:45,37450.0,1200,Buy,275866743
2025-03-05 11:26:55,37450.0,300,Buy,275866864
2025-03-05 11:27:01,37450.0,1100,Buy,275867006
2025-03-05 11:27:17,37450.0,400,Buy,275867285
2025-03-05 11:27:17,37450.0,800,Buy,275867286
2025-03-05 11:27:18,37450.0,100,Buy,275867304
2025-03-05 11:27:33,37450.0,1100,Buy,275867565
2025-03-05 11:27:39,37450.0,1000,Buy,275867637
2025-03-05 11:27:49,37500.0,1100,Buy,275867803
2025-03-05 11:27:49,37450.0,500,Sell,275867804
2025-03-05 11:27:49,37450.0,3100,Sell,275867851
2025-03-05 11:28:05,37500.0,1100,Buy,275868125
2025-03-05 11:28:20,37500.0,1100,Buy,275868350
2025-03-05 11:28:36,37500.0,1100,Buy,275868566
2025-03-05 11:28:51,37500.0,200,Buy,275868870
2025-03-05 11:28:51,37500.0,500,Buy,275868871
2025-03-05 11:29:14,37500.0,200,Buy,275869173
2025-03-05 11:29:56,37450.0,1000,Sell,275869860
2025-03-05 13:00:02,37450.0,4400,Sell,275870444
2025-03-05 13:00:02,37450.0,1000,Sell,275870445
2025-03-05 13:00:02,37450.0,5000,Sell,275870446
2025-03-05 13:00:02,37450.0,1000,Sell,275870447
2025-03-05 13:00:02,37400.0,1100,Sell,275870623
2025-03-05 13:00:02,37450.0,500,Buy,275870964
2025-03-05 13:00:04,37450.0,100,Buy,275872067
2025-03-05 13:00:04,37450.0,100,Buy,275872068
2025-03-05 13:00:04,37450.0,1100,Buy,275872069
2025-03-05 13:00:05,37400.0,100,Sell,275872385
2025-03-05 13:00:08,37400.0,1000,Sell,275872841
2025-03-05 13:00:09,37450.0,500,Buy,275873171
2025-03-05 13:00:09,37450.0,300,Buy,275873170
2025-03-05 13:00:11,37450.0,2600,Buy,275873548
2025-03-05 13:00:11,37450.0,100,Buy,275873473
2025-03-05 13:00:11,37450.0,900,Buy,275873474
2025-03-05 13:00:12,37450.0,1000,Buy,275873596
2025-03-05 13:00:17,37450.0,100,Buy,275873966
2025-03-05 13:00:19,37450.0,100,Buy,275874110
2025-03-05 13:00:26,37400.0,500,Sell,275874448
2025-03-05 13:00:27,37450.0,100,Buy,275874456
2025-03-05 13:00:41,37400.0,100,Sell,275875034
2025-03-05 13:00:51,37450.0,5000,Buy,275875325
2025-03-05 13:01:02,37450.0,200,Buy,275875537
2025-03-05 13:01:02,37450.0,500,Buy,275875538
2025-03-05 13:01:02,37450.0,500,Buy,275875539
2025-03-05 13:01:03,37400.0,300,Sell,275875568
2025-03-05 13:01:16,37450.0,1100,Buy,275875854
2025-03-05 13:01:21,37400.0,100,Sell,275875959
2025-03-05 13:01:28,37450.0,100,Buy,275876192
2025-03-05 13:01:28,37450.0,400,Buy,275876190
2025-03-05 13:01:28,37450.0,600,Buy,275876191
2025-03-05 13:01:32,37450.0,1200,Buy,275876400
2025-03-05 13:01:34,37400.0,300,Sell,275876477
2025-03-05 13:01:36,37450.0,500,Buy,275876575
2025-03-05 13:01:40,37450.0,100,Buy,275876623
2025-03-05 13:01:48,37450.0,1100,Buy,275876793
2025-03-05 13:01:56,37400.0,100,Sell,275876947
2025-03-05 13:02:01,37450.0,5000,Buy,275877062
2025-03-05 13:02:03,37450.0,1100,Buy,275877124
2025-03-05 13:02:07,37400.0,300,Sell,275877227
2025-03-05 13:02:19,37450.0,900,Buy,275877483
2025-03-05 13:02:19,37450.0,100,Buy,275877484
2025-03-05 13:02:19,37450.0,200,Buy,275877485
2025-03-05 13:02:27,37400.0,400,Sell,275877735
2025-03-05 13:02:35,37450.0,700,Buy,275878000
2025-03-05 13:02:35,37400.0,3000,Sell,275878011
2025-03-05 13:02:35,37450.0,300,Buy,275877998
2025-03-05 13:02:35,37450.0,100,Buy,275877999
2025-03-05 13:02:38,37400.0,300,Sell,275878081
2025-03-05 13:02:43,37450.0,100,Buy,275878159
2025-03-05 13:02:51,37450.0,1100,Buy,275878396
2025-03-05 13:02:52,37400.0,200,Sell,275878442
2025-03-05 13:03:06,37450.0,1100,Buy,275878751
2025-03-05 13:03:11,37400.0,300,Sell,275878959
2025-03-05 13:03:19,37400.0,1000,Sell,275879194
2025-03-05 13:03:21,37450.0,800,Buy,275879221
2025-03-05 13:03:21,37450.0,200,Buy,275879220
2025-03-05 13:03:21,37450.0,100,Buy,275879219
2025-03-05 13:03:31,37450.0,100,Buy,275879514
2025-03-05 13:03:36,37400.0,500,Sell,275879623
2025-03-05 13:03:36,37450.0,1100,Buy,275879633
2025-03-05 13:03:36,37450.0,100,Buy,275879634
2025-03-05 13:03:39,37450.0,600,Buy,275879684
2025-03-05 13:03:43,37400.0,300,Sell,275879799
2025-03-05 13:03:46,37400.0,500,Sell,275879863
2025-03-05 13:03:53,37450.0,300,Buy,275880098
2025-03-05 13:03:53,37450.0,800,Buy,275880099
2025-03-05 13:03:56,37400.0,500,Sell,275880150
2025-03-05 13:04:05,37450.0,300,Buy,275880334
2025-03-05 13:04:05,37400.0,500,Sell,275880338
2025-03-05 13:04:08,37450.0,900,Buy,275880427
2025-03-05 13:04:08,37450.0,200,Buy,275880428
2025-03-05 13:04:14,37400.0,300,Sell,275880547
2025-03-05 13:04:16,37400.0,500,Sell,275880580
2025-03-05 13:04:23,37450.0,1100,Buy,275880740
2025-03-05 13:04:23,37400.0,2500,Sell,275880747
2025-03-05 13:04:25,37400.0,500,Sell,275880837
2025-03-05 13:04:30,37400.0,3100,Sell,275880958
2025-03-05 13:04:39,37450.0,1100,Buy,275881151
2025-03-05 13:04:46,37450.0,2900,Buy,275881391
2025-03-05 13:04:46,37450.0,1000,Buy,275881390
2025-03-05 13:04:46,37450.0,500,Buy,275881389
2025-03-05 13:04:46,37450.0,1000,Buy,275881388
2025-03-05 13:04:46,37450.0,600,Buy,275881387
2025-03-05 13:04:46,37450.0,3100,Buy,275881386
2025-03-05 13:04:46,37450.0,500,Buy,275881384
2025-03-05 13:04:46,37450.0,2000,Buy,275881383
2025-03-05 13:04:46,37450.0,1300,Buy,275881382
2025-03-05 13:04:46,37450.0,3100,Buy,275881381
2025-03-05 13:04:46,37450.0,2000,Buy,275881380
2025-03-05 13:04:46,37400.0,300,Sell,275881379
2025-03-05 13:04:46,37450.0,2000,Buy,275881385
2025-03-05 13:04:54,37450.0,1600,Buy,275881564
2025-03-05 13:04:54,37450.0,3100,Buy,275881565
2025-03-05 13:04:54,37450.0,1000,Buy,275881566
2025-03-05 13:04:54,37450.0,100,Buy,275881567
2025-03-05 13:05:00,37450.0,2000,Sell,275881754
2025-03-05 13:05:00,37450.0,5000,Sell,275881755
2025-03-05 13:05:00,37450.0,1100,Sell,275881756
2025-03-05 13:05:01,37450.0,800,Buy,275881774
2025-03-05 13:05:02,37450.0,1100,Buy,275881785
2025-03-05 13:05:06,37450.0,300,Sell,275881904
2025-03-05 13:05:06,37450.0,300,Sell,275881905
2025-03-05 13:05:11,37500.0,1100,Buy,275882209
2025-03-05 13:05:18,37500.0,5300,Buy,275882417
2025-03-05 13:05:19,37450.0,300,Sell,275882437
2025-03-05 13:05:20,37500.0,3100,Buy,275882446
2025-03-05 13:05:20,37500.0,3500,Buy,275882450
2025-03-05 13:05:20,37500.0,3100,Buy,275882449
2025-03-05 13:05:20,37500.0,9300,Buy,275882445
2025-03-05 13:05:20,37500.0,500,Buy,275882447
2025-03-05 13:05:20,37500.0,500,Buy,275882448
2025-03-05 13:05:26,37500.0,1200,Buy,275882600
2025-03-05 13:05:42,37500.0,1100,Buy,275883058
2025-03-05 13:05:43,37450.0,100,Sell,275883090
2025-03-05 13:05:51,37450.0,300,Sell,275883260
2025-03-05 13:05:58,37500.0,1100,Buy,275883417
2025-03-05 13:06:11,37450.0,300,Sell,275883789
2025-03-05 13:06:11,37450.0,200,Sell,275883790
2025-03-05 13:06:13,37500.0,1100,Buy,275883833
2025-03-05 13:06:23,37450.0,300,Sell,275884122
2025-03-05 13:06:25,37450.0,3100,Sell,275884187
2025-03-05 13:06:27,37450.0,2000,Sell,275884261
2025-03-05 13:06:27,37450.0,1000,Sell,275884260
2025-03-05 13:06:27,37450.0,5000,Sell,275884259
2025-03-05 13:06:27,37450.0,1000,Sell,275884258
2025-03-05 13:06:27,37450.0,6000,Sell,275884256
2025-03-05 13:06:27,37450.0,1000,Sell,275884255
2025-03-05 13:06:27,37450.0,100,Sell,275884254
2025-03-05 13:06:27,37450.0,6400,Sell,275884253
2025-03-05 13:06:27,37450.0,1000,Sell,275884257
2025-03-05 13:06:28,37450.0,1200,Buy,275884294
2025-03-05 13:06:29,37450.0,1000,Buy,275884311
2025-03-05 13:06:32,37450.0,4300,Buy,275884373
2025-03-05 13:06:36,37450.0,15700,Sell,275884462
2025-03-05 13:06:40,37450.0,3000,Buy,275884575
2025-03-05 13:06:45,37450.0,1100,Buy,275884709
2025-03-05 13:06:54,37450.0,200,Buy,275884990
2025-03-05 13:06:54,37450.0,4000,Buy,275884991
2025-03-05 13:06:54,37450.0,800,Buy,275884992
2025-03-05 13:06:55,37400.0,300,Sell,275885000
2025-03-05 13:07:00,37450.0,1200,Buy,275885129
2025-03-05 13:07:13,37450.0,100,Buy,275885437
2025-03-05 13:07:17,37450.0,900,Buy,275885537
2025-03-05 13:07:17,37450.0,300,Buy,275885538
2025-03-05 13:07:26,37400.0,300,Sell,275885819
2025-03-05 13:07:33,37450.0,1100,Buy,275885969
2025-03-05 13:07:47,37450.0,1600,Buy,275886354
2025-03-05 13:07:47,37450.0,1400,Buy,275886355
2025-03-05 13:07:48,37450.0,1200,Buy,275886380
2025-03-05 13:07:56,37400.0,300,Sell,275886581
2025-03-05 13:07:56,37400.0,400,Sell,275886587
2025-03-05 13:08:04,37450.0,1200,Buy,275886784
2025-03-05 13:08:07,37400.0,3200,Sell,275886836
2025-03-05 13:08:13,37400.0,3000,Sell,275887017
2025-03-05 13:08:19,37400.0,3000,Sell,275887178
2025-03-05 13:08:21,37450.0,1200,Buy,275887216
2025-03-05 13:08:28,37400.0,300,Sell,275887427
2025-03-05 13:08:33,37400.0,100,Sell,275887663
2025-03-05 13:08:37,37450.0,1000,Buy,275887767
2025-03-05 13:08:37,37450.0,100,Buy,275887768
2025-03-05 13:08:49,37400.0,2000,Sell,275888089
2025-03-05 13:08:52,37450.0,1100,Buy,275888136
2025-03-05 13:08:55,37450.0,300,Buy,275888233
2025-03-05 13:08:56,37450.0,200,Buy,275888249
2025-03-05 13:08:56,37450.0,2300,Buy,275888250
2025-03-05 13:09:01,37400.0,300,Sell,275888384
2025-03-05 13:09:08,37450.0,1100,Buy,275888552
2025-03-05 13:09:24,37450.0,1100,Buy,275888999
2025-03-05 13:09:26,37450.0,1000,Buy,275889069
2025-03-05 13:09:34,37400.0,300,Sell,275889321
2025-03-05 13:09:39,37450.0,1100,Buy,275889439
2025-03-05 13:09:45,37450.0,10000,Buy,275889633
2025-03-05 13:09:55,37450.0,1200,Buy,275889861
2025-03-05 13:09:59,37450.0,100,Buy,275889988
2025-03-05 13:10:04,37400.0,300,Sell,275890085
2025-03-05 13:10:05,37450.0,200,Buy,275890105
2025-03-05 13:10:11,37450.0,3200,Buy,275890341
2025-03-05 13:10:11,37450.0,1100,Buy,275890325
2025-03-05 13:10:11,37450.0,1800,Buy,275890340
2025-03-05 13:10:13,37450.0,1000,Buy,275890434
2025-03-05 13:10:18,37450.0,1000,Buy,275890557
2025-03-05 13:10:18,37450.0,5000,Buy,275890558
2025-03-05 13:10:18,37450.0,1000,Buy,275890559
2025-03-05 13:10:18,37450.0,600,Buy,275890560
2025-03-05 13:10:18,37450.0,500,Buy,275890561
2025-03-05 13:10:18,37450.0,500,Buy,275890562
2025-03-05 13:10:18,37450.0,3100,Buy,275890564
2025-03-05 13:10:18,37450.0,11600,Buy,275890565
2025-03-05 13:10:18,37450.0,3100,Buy,275890566
2025-03-05 13:10:18,37450.0,100,Buy,275890567
2025-03-05 13:10:18,37450.0,800,Buy,275890556
2025-03-05 13:10:18,37450.0,5000,Buy,275890563
2025-03-05 13:10:21,37450.0,17700,Sell,275890644
2025-03-05 13:10:21,37450.0,100,Buy,275890645
2025-03-05 13:10:26,37450.0,1200,Buy,275890796
2025-03-05 13:10:27,37450.0,100,Buy,275890807
2025-03-05 13:10:31,37450.0,500,Buy,275890888
2025-03-05 13:10:36,37400.0,300,Sell,275890996
2025-03-05 13:10:42,37450.0,1100,Buy,275891144
2025-03-05 13:10:54,37450.0,500,Buy,275891378
2025-03-05 13:10:58,37450.0,1200,Buy,275891476
2025-03-05 13:11:08,37400.0,300,Sell,275891765
2025-03-05 13:11:08,37450.0,100,Buy,275891776
2025-03-05 13:11:15,37450.0,1100,Buy,275892011
2025-03-05 13:11:30,37450.0,1200,Buy,275892391
2025-03-05 13:11:39,37450.0,5000,Buy,275892630
2025-03-05 13:11:40,37400.0,300,Sell,275892633
2025-03-05 13:11:46,37450.0,1200,Buy,275892740
2025-03-05 13:11:53,37450.0,100,Buy,275892898
2025-03-05 13:11:59,37400.0,1000,Sell,275893129
2025-03-05 13:11:59,37450.0,700,Buy,275893128
2025-03-05 13:11:59,37450.0,1000,Buy,275893127
2025-03-05 13:11:59,37450.0,40000,Buy,275893126
2025-03-05 13:11:59,37450.0,100,Buy,275893124
2025-03-05 13:11:59,37450.0,1600,Buy,275893123
2025-03-05 13:11:59,37450.0,3000,Buy,275893125
2025-03-05 13:11:59,37450.0,100,Buy,275893122
2025-03-05 13:11:59,37450.0,13500,Buy,275893121
2025-03-05 13:12:02,37450.0,1100,Buy,275893210
2025-03-05 13:12:03,37450.0,200,Buy,275893242
2025-03-05 13:12:03,37450.0,300,Buy,275893243
2025-03-05 13:12:09,37450.0,3100,Sell,275893366
2025-03-05 13:12:12,37450.0,300,Sell,275893416
2025-03-05 13:12:12,37450.0,500,Sell,275893425
2025-03-05 13:12:17,37450.0,1000,Sell,275893612
2025-03-05 13:12:17,37500.0,1200,Buy,275893613
2025-03-05 13:12:22,37450.0,400,Sell,275893866
2025-03-05 13:12:22,37450.0,1000,Sell,275893867
2025-03-05 13:12:22,37450.0,500,Sell,275893864
2025-03-05 13:12:22,37450.0,500,Sell,275893865
2025-03-05 13:12:22,37450.0,2600,Sell,275893863
2025-03-05 13:12:33,37500.0,1100,Buy,275894096
2025-03-05 13:12:36,37450.0,9000,Sell,275894187
2025-03-05 13:12:43,37400.0,300,Sell,275894367
2025-03-05 13:12:49,37450.0,1100,Buy,275894534
2025-03-05 13:13:02,37450.0,1800,Buy,275894884
2025-03-05 13:13:02,37450.0,1000,Buy,275894885
2025-03-05 13:13:02,37450.0,1200,Buy,275894886
2025-03-05 13:13:05,37450.0,1200,Buy,275894951
2025-03-05 13:13:06,37450.0,200,Buy,275895189
2025-03-05 13:13:07,37450.0,400,Buy,275895217
2025-03-05 13:13:07,37450.0,1000,Buy,275895218
2025-03-05 13:13:07,37450.0,2000,Buy,275895219
2025-03-05 13:13:07,37450.0,1000,Buy,275895223
2025-03-05 13:13:09,37450.0,100,Buy,275895254
2025-03-05 13:13:10,37450.0,100,Buy,275895289
2025-03-05 13:13:11,37450.0,2000,Buy,275895325
2025-03-05 13:13:13,37450.0,400,Buy,275895364
2025-03-05 13:13:15,37400.0,300,Sell,275895426
2025-03-05 13:13:17,37450.0,500,Buy,275895483
2025-03-05 13:13:21,37500.0,1200,Buy,275895565
2025-03-05 13:13:33,37450.0,1000,Sell,275895811
2025-03-05 13:13:38,37500.0,1100,Buy,275895927
2025-03-05 13:13:40,37450.0,400,Sell,275896028
2025-03-05 13:13:46,37450.0,300,Sell,275896144
2025-03-05 13:13:53,37500.0,1100,Buy,275896357
2025-03-05 13:14:08,37500.0,1100,Buy,275896849
2025-03-05 13:14:14,37450.0,2800,Sell,275897015
2025-03-05 13:14:14,37450.0,100,Sell,275897016
2025-03-05 13:14:14,37450.0,2100,Sell,275897017
2025-03-05 13:14:18,37450.0,300,Sell,275897174
2025-03-05 13:14:21,37450.0,1100,Sell,275897255
2025-03-05 13:14:24,37500.0,1100,Buy,275897344
2025-03-05 13:14:30,37450.0,500,Sell,275897500
2025-03-05 13:14:39,37500.0,1200,Buy,275897721
2025-03-05 13:14:41,37450.0,1000,Sell,275897760
2025-03-05 13:14:50,37450.0,300,Sell,275898004
2025-03-05 13:14:56,37500.0,1100,Buy,275898183
2025-03-05 13:15:01,37450.0,400,Sell,275898311
2025-03-05 13:15:11,37500.0,1000,Buy,275898724
2025-03-05 13:15:11,37500.0,100,Buy,275898725
2025-03-05 13:15:20,37450.0,300,Sell,275898940
2025-03-05 13:15:26,37450.0,100,Sell,275899078
2025-03-05 13:15:26,37500.0,900,Buy,275899081
2025-03-05 13:15:26,37500.0,200,Buy,275899082
2025-03-05 13:15:37,37450.0,1900,Sell,275899281
2025-03-05 13:15:42,37500.0,100,Buy,275899407
2025-03-05 13:15:42,37500.0,100,Buy,275899408
2025-03-05 13:15:42,37500.0,900,Buy,275899409
2025-03-05 13:15:51,37450.0,300,Sell,275899634
2025-03-05 13:15:57,37500.0,1100,Buy,275899824
2025-03-05 13:16:00,37450.0,100,Sell,275899893
2025-03-05 13:16:12,37500.0,1100,Buy,275900381
2025-03-05 13:16:13,37500.0,700,Buy,275900406
2025-03-05 13:16:20,37500.0,2000,Buy,275900601
2025-03-05 13:16:21,37450.0,5900,Sell,275900613
2025-03-05 13:16:21,37450.0,3000,Sell,275900614
2025-03-05 13:16:21,37450.0,1100,Sell,275900615
2025-03-05 13:16:23,37450.0,300,Sell,275900674
2025-03-05 13:16:27,37500.0,300,Buy,275900764
2025-03-05 13:16:27,37500.0,800,Buy,275900765
2025-03-05 13:16:43,37500.0,200,Buy,275901221
2025-03-05 13:16:43,37500.0,200,Buy,275901222
2025-03-05 13:16:43,37500.0,400,Buy,275901223
2025-03-05 13:16:43,37500.0,100,Buy,275901224
2025-03-05 13:16:43,37500.0,300,Buy,275901225
2025-03-05 13:16:48,37450.0,8600,Sell,275901351
2025-03-05 13:16:48,37450.0,1400,Sell,275901352
2025-03-05 13:16:54,37450.0,300,Sell,275901534
2025-03-05 13:16:55,37450.0,3000,Sell,275901583
2025-03-05 13:16:58,37500.0,800,Buy,275901641
2025-03-05 13:16:59,37500.0,1100,Buy,275901670
2025-03-05 13:17:00,37450.0,1200,Sell,275901680
2025-03-05 13:17:00,37450.0,200,Sell,275901681
2025-03-05 13:17:00,37450.0,5500,Sell,275901682
2025-03-05 13:17:03,37450.0,4500,Sell,275901753
2025-03-05 13:17:03,37450.0,10000,Sell,275901754
2025-03-05 13:17:03,37450.0,3000,Sell,275901755
2025-03-05 13:17:03,37450.0,500,Sell,275901756
2025-03-05 13:17:03,37450.0,12000,Sell,275901757
2025-03-05 13:17:06,37450.0,9000,Sell,275901841
2025-03-05 13:17:06,37450.0,600,Sell,275901842
2025-03-05 13:17:06,37450.0,3000,Sell,275901843
2025-03-05 13:17:06,37450.0,600,Sell,275901844
2025-03-05 13:17:06,37450.0,5000,Sell,275901845
2025-03-05 13:17:08,37400.0,3100,Sell,275901874
2025-03-05 13:17:08,37400.0,3800,Sell,275901873
2025-03-05 13:17:15,37450.0,1100,Buy,275902059
2025-03-05 13:17:16,37450.0,100,Buy,275902066
2025-03-05 13:17:22,37400.0,9200,Sell,275902285
2025-03-05 13:17:26,37400.0,300,Sell,275902437
2025-03-05 13:17:31,37450.0,600,Buy,275902571
2025-03-05 13:17:31,37450.0,600,Buy,275902572
2025-03-05 13:17:35,37450.0,4600,Buy,275902708
2025-03-05 13:17:46,37450.0,200,Buy,275903012
2025-03-05 13:17:47,37450.0,1100,Buy,275903055
2025-03-05 13:17:57,37400.0,300,Sell,275903338
2025-03-05 13:18:03,37450.0,1200,Buy,275903547
2025-03-05 13:18:06,37400.0,3100,Sell,275903619
2025-03-05 13:18:08,37400.0,600,Sell,275903663
2025-03-05 13:18:08,37400.0,17100,Sell,275903665
2025-03-05 13:18:08,37400.0,100,Sell,275903664
2025-03-05 13:18:08,37400.0,2000,Sell,275903662
2025-03-05 13:18:08,37400.0,2000,Sell,275903658
2025-03-05 13:18:08,37400.0,1000,Sell,275903660
2025-03-05 13:18:08,37400.0,1000,Sell,275903659
2025-03-05 13:18:08,37400.0,2000,Sell,275903657
2025-03-05 13:18:08,37400.0,34000,Sell,275903656
2025-03-05 13:18:08,37400.0,200,Sell,275903661
2025-03-05 13:18:12,37400.0,100,Sell,275903798
2025-03-05 13:18:12,37400.0,7100,Sell,275903803
2025-03-05 13:18:12,37400.0,500,Sell,275903801
2025-03-05 13:18:12,37400.0,100,Sell,275903800
2025-03-05 13:18:12,37400.0,200,Sell,275903799
2025-03-05 13:18:12,37400.0,1000,Sell,275903797
2025-03-05 13:18:12,37400.0,100,Sell,275903802
2025-03-05 13:18:12,37400.0,100,Sell,275903795
2025-03-05 13:18:12,37400.0,2300,Sell,275903794
2025-03-05 13:18:12,37400.0,100,Sell,275903793
2025-03-05 13:18:12,37400.0,2000,Sell,275903792
2025-03-05 13:18:12,37400.0,2000,Sell,275903791
2025-03-05 13:18:12,37400.0,3900,Sell,275903790
2025-03-05 13:18:12,37400.0,500,Sell,275903796
2025-03-05 13:18:18,37400.0,4700,Sell,275903945
2025-03-05 13:18:18,37400.0,1000,Sell,275903944
2025-03-05 13:18:18,37400.0,1000,Sell,275903943
2025-03-05 13:18:18,37400.0,200,Sell,275903942
2025-03-05 13:18:18,37400.0,100,Sell,275903941
2025-03-05 13:18:18,37400.0,1000,Sell,275903938
2025-03-05 13:18:18,37400.0,100,Sell,275903939
2025-03-05 13:18:18,37400.0,12800,Sell,275903937
2025-03-05 13:18:18,37400.0,1000,Sell,275903936
2025-03-05 13:18:18,37400.0,200,Sell,275903935
2025-03-05 13:18:18,37400.0,5900,Sell,275903934
2025-03-05 13:18:18,37400.0,2000,Sell,275903940
2025-03-05 13:18:19,37450.0,1200,Buy,275903974
2025-03-05 13:18:21,37400.0,100,Sell,275904009
2025-03-05 13:18:21,37400.0,2300,Sell,275904007
2025-03-05 13:18:21,37400.0,200,Sell,275904008
2025-03-05 13:18:27,37350.0,300,Sell,275904169
2025-03-05 13:18:28,37400.0,500,Buy,275904209
2025-03-05 13:18:35,37400.0,1200,Buy,275904411
2025-03-05 13:18:38,37400.0,700,Buy,275904469
2025-03-05 13:18:42,37400.0,2000,Sell,275904588
2025-03-05 13:18:45,37400.0,1000,Sell,275904659
2025-03-05 13:18:45,37400.0,3000,Sell,275904660
2025-03-05 13:18:50,37400.0,3100,Sell,275904888
2025-03-05 13:18:52,37450.0,1100,Buy,275904905
2025-03-05 13:18:59,37400.0,100,Sell,275905086
2025-03-05 13:18:59,37400.0,200,Sell,275905085
2025-03-05 13:19:02,37450.0,10000,Buy,275905201
2025-03-05 13:19:02,37450.0,7400,Buy,275905200
2025-03-05 13:19:02,37450.0,100,Buy,275905199
2025-03-05 13:19:02,37450.0,3100,Buy,275905196
2025-03-05 13:19:02,37450.0,1100,Buy,275905197
2025-03-05 13:19:02,37450.0,1000,Buy,275905195
2025-03-05 13:19:02,37450.0,500,Buy,275905198
2025-03-05 13:19:02,37450.0,1000,Buy,275905193
2025-03-05 13:19:02,37450.0,700,Buy,275905188
2025-03-05 13:19:02,37450.0,2000,Buy,275905189
2025-03-05 13:19:02,37450.0,100,Buy,275905194
2025-03-05 13:19:02,37450.0,1000,Buy,275905191
2025-03-05 13:19:02,37450.0,600,Buy,275905190
2025-03-05 13:19:02,37450.0,300,Buy,275905192
2025-03-05 13:19:03,37450.0,1100,Sell,275905230
2025-03-05 13:19:04,37400.0,600,Sell,275905265
2025-03-05 13:19:04,37400.0,1000,Sell,275905266
2025-03-05 13:19:04,37400.0,1400,Sell,275905267
2025-03-05 13:19:07,37450.0,1200,Buy,275905319
2025-03-05 13:19:23,37450.0,1100,Buy,275905821
2025-03-05 13:19:32,37400.0,300,Sell,275906075
2025-03-05 13:19:39,37450.0,1100,Buy,275906277
2025-03-05 13:19:41,37450.0,100,Buy,275906312
2025-03-05 13:19:48,37450.0,700,Buy,275906481
2025-03-05 13:19:54,37450.0,1100,Buy,275906691
2025-03-05 13:20:02,37450.0,600,Buy,275906901
2025-03-05 13:20:02,37450.0,300,Buy,275906902
2025-03-05 13:20:02,37450.0,2600,Buy,275906903
2025-03-05 13:20:04,37400.0,300,Sell,275906950
2025-03-05 13:20:10,37450.0,1100,Buy,275907118
2025-03-05 13:20:19,37400.0,500,Sell,275907492
2025-03-05 13:20:25,37450.0,1200,Buy,275907669
2025-03-05 13:20:27,37450.0,2000,Buy,275907705
2025-03-05 13:20:34,37400.0,300,Sell,275907898
2025-03-05 13:20:38,37450.0,1000,Buy,275907944
2025-03-05 13:20:41,37450.0,1200,Buy,275908038
2025-03-05 13:20:57,37450.0,900,Buy,275908533
2025-03-05 13:20:57,37450.0,200,Buy,275908534
2025-03-05 13:20:59,37400.0,2000,Sell,275908560
2025-03-05 13:21:06,37400.0,200,Sell,275908755
2025-03-05 13:21:06,37400.0,100,Sell,275908756
2025-03-05 13:21:07,37400.0,100,Sell,275908766
2025-03-05 13:21:13,37450.0,800,Buy,275909026
2025-03-05 13:21:13,37450.0,300,Buy,275909027
2025-03-05 13:21:18,37450.0,900,Buy,275909157
2025-03-05 13:21:23,37450.0,400,Buy,275909307
2025-03-05 13:21:25,37450.0,400,Buy,275909350
2025-03-05 13:21:25,37450.0,600,Buy,275909351
2025-03-05 13:21:29,37450.0,1100,Buy,275909449
2025-03-05 13:21:35,37450.0,300,Buy,275909639
2025-03-05 13:21:35,37450.0,700,Buy,275909640
2025-03-05 13:21:36,37450.0,300,Buy,275909671
2025-03-05 13:21:36,37450.0,500,Buy,275909675
2025-03-05 13:21:36,37450.0,600,Buy,275909717
2025-03-05 13:21:38,37400.0,300,Sell,275909798
2025-03-05 13:21:41,37450.0,900,Buy,275909855
2025-03-05 13:21:41,37450.0,1400,Buy,275909856
2025-03-05 13:21:44,37450.0,1200,Buy,275909946
2025-03-05 13:21:46,37450.0,400,Buy,275910012
2025-03-05 13:21:46,37450.0,500,Buy,275910013
2025-03-05 13:21:46,37450.0,100,Buy,275910014
2025-03-05 13:21:52,37450.0,900,Buy,275910134
2025-03-05 13:21:55,37400.0,800,Sell,275910175
2025-03-05 13:21:55,37400.0,2000,Sell,275910176
2025-03-05 13:21:55,37400.0,8100,Sell,275910177
2025-03-05 13:21:55,37400.0,100,Sell,275910174
2025-03-05 13:22:00,37450.0,1000,Buy,275910307
2025-03-05 13:22:01,37450.0,1100,Buy,275910315
2025-03-05 13:22:03,37400.0,200,Sell,275910385
2025-03-05 13:22:10,37400.0,300,Sell,275910577
2025-03-05 13:22:16,37450.0,1100,Buy,275910742
2025-03-05 13:22:28,37450.0,1900,Buy,275911058
2025-03-05 13:22:28,37450.0,2000,Buy,275911059
2025-03-05 13:22:28,37450.0,1000,Buy,275911060
2025-03-05 13:22:32,37450.0,1200,Buy,275911142
2025-03-05 13:22:43,37400.0,300,Sell,275911419
2025-03-05 13:22:45,37450.0,5000,Buy,275911486
2025-03-05 13:22:45,37450.0,2700,Buy,275911487
2025-03-05 13:22:45,37450.0,100,Buy,275911485
2025-03-05 13:22:45,37450.0,2200,Buy,275911484
2025-03-05 13:22:48,37450.0,500,Buy,275911544
2025-03-05 13:22:48,37450.0,700,Buy,275911543
2025-03-05 13:22:49,37450.0,1000,Buy,275911555
2025-03-05 13:22:49,37450.0,100,Buy,275911563
2025-03-05 13:22:51,37450.0,100,Buy,275911597
2025-03-05 13:22:52,37450.0,1600,Buy,275911643
2025-03-05 13:22:52,37450.0,100,Buy,275911644
2025-03-05 13:23:05,37500.0,1100,Buy,275911934
2025-03-05 13:23:08,37450.0,1000,Sell,275912047
2025-03-05 13:23:15,37450.0,300,Sell,275912209
2025-03-05 13:23:19,37450.0,2400,Sell,275912322
2025-03-05 13:23:20,37500.0,1100,Buy,275912331
2025-03-05 13:23:35,37500.0,600,Buy,275912685
2025-03-05 13:23:35,37500.0,500,Buy,275912686
2025-03-05 13:23:35,37500.0,100,Buy,275912687
2025-03-05 13:23:41,37500.0,700,Buy,275912825
2025-03-05 13:23:41,37500.0,800,Buy,275912823
2025-03-05 13:23:41,37500.0,100,Buy,275912824
2025-03-05 13:23:48,37450.0,300,Sell,275913015
2025-03-05 13:23:51,37500.0,1100,Buy,275913091
2025-03-05 13:24:07,37500.0,700,Buy,275913516
2025-03-05 13:24:07,37500.0,400,Buy,275913517
2025-03-05 13:24:18,37450.0,100,Sell,275913816
2025-03-05 13:24:18,37450.0,200,Sell,275913817
2025-03-05 13:24:22,37500.0,1100,Buy,275913933
2025-03-05 13:24:25,37500.0,1300,Buy,275914008
2025-03-05 13:24:27,37450.0,300,Sell,275914063
2025-03-05 13:24:27,37450.0,200,Sell,275914064
2025-03-05 13:24:34,37450.0,3300,Sell,275914234
2025-03-05 13:24:38,37500.0,200,Buy,275914377
2025-03-05 13:24:38,37500.0,200,Buy,275914378
2025-03-05 13:24:38,37500.0,700,Buy,275914379
2025-03-05 13:24:50,37500.0,100,Buy,275914698
2025-03-05 13:24:50,37500.0,100,Buy,275914699
2025-03-05 13:24:50,37500.0,5900,Buy,275914700
2025-03-05 13:24:51,37450.0,300,Sell,275914713
2025-03-05 13:24:53,37500.0,1100,Buy,275914755
2025-03-05 13:25:09,37500.0,1100,Buy,275915433
2025-03-05 13:25:11,37500.0,800,Buy,275915478
2025-03-05 13:25:22,37450.0,300,Buy,275915789
2025-03-05 13:25:22,37450.0,100,Sell,275915765
2025-03-05 13:25:22,37450.0,300,Sell,275915764
2025-03-05 13:25:22,37450.0,100,Sell,275915763
2025-03-05 13:25:22,37450.0,100,Sell,275915762
2025-03-05 13:25:22,37450.0,1000,Sell,275915761
2025-03-05 13:25:22,37450.0,200,Sell,275915760
2025-03-05 13:25:22,37450.0,300,Sell,275915798
2025-03-05 13:25:22,37450.0,500,Sell,275915758
2025-03-05 13:25:22,37450.0,10000,Sell,275915757
2025-03-05 13:25:22,37450.0,3000,Sell,275915756
2025-03-05 13:25:22,37450.0,2000,Sell,275915755
2025-03-05 13:25:22,37450.0,5000,Sell,275915754
2025-03-05 13:25:22,37450.0,10000,Sell,275915753
2025-03-05 13:25:22,37450.0,6400,Sell,275915752
2025-03-05 13:25:22,37450.0,1000,Sell,275915759
2025-03-05 13:25:24,37500.0,1100,Buy,275915837
2025-03-05 13:25:25,37450.0,1400,Sell,275915856
2025-03-05 13:25:31,37450.0,500,Buy,275915987
2025-03-05 13:25:37,37450.0,2000,Buy,275916150
2025-03-05 13:25:38,37500.0,300,Buy,275916172
2025-03-05 13:25:38,37450.0,1100,Buy,275916170
2025-03-05 13:25:38,37450.0,3300,Buy,275916171
2025-03-05 13:25:40,37500.0,1100,Buy,275916191
2025-03-05 13:25:52,37450.0,1300,Sell,275916587
2025-03-05 13:25:53,37450.0,300,Sell,275916612
2025-03-05 13:25:55,37500.0,1200,Buy,275916653
2025-03-05 13:26:00,37450.0,4800,Sell,275916757
2025-03-05 13:26:11,37500.0,1200,Buy,275917077
2025-03-05 13:26:24,37450.0,300,Sell,275917352
2025-03-05 13:26:28,37500.0,1100,Buy,275917433
2025-03-05 13:26:32,37450.0,200,Sell,275917518
2025-03-05 13:26:43,37500.0,1100,Buy,275917775
2025-03-05 13:26:43,37500.0,100,Buy,275917774
2025-03-05 13:26:57,37450.0,300,Sell,275918300
2025-03-05 13:26:59,37500.0,1100,Buy,275918356
2025-03-05 13:27:14,37500.0,1100,Buy,275918687
2025-03-05 13:27:28,37450.0,300,Sell,275919018
2025-03-05 13:27:30,37500.0,1100,Buy,275919039
2025-03-05 13:27:41,37450.0,500,Sell,275919400
2025-03-05 13:27:44,37500.0,600,Buy,275919460
2025-03-05 13:27:44,37500.0,1000,Buy,275919461
2025-03-05 13:27:44,37500.0,1200,Buy,275919462
2025-03-05 13:27:44,37500.0,7200,Buy,275919463
2025-03-05 13:27:46,37500.0,1100,Buy,275919515
2025-03-05 13:27:53,37500.0,100,Buy,275919735
2025-03-05 13:27:54,37500.0,15700,Buy,275919755
2025-03-05 13:27:54,37500.0,2500,Buy,275919754
2025-03-05 13:27:54,37450.0,100,Sell,275919751
2025-03-05 13:27:54,37500.0,200,Buy,275919753
2025-03-05 13:27:54,37500.0,1600,Buy,275919752
2025-03-05 13:27:54,37450.0,2000,Sell,275919749
2025-03-05 13:27:54,37450.0,800,Sell,275919748
2025-03-05 13:27:54,37450.0,2000,Sell,275919747
2025-03-05 13:27:54,37450.0,100,Sell,275919750
2025-03-05 13:27:59,37450.0,300,Sell,275919841
2025-03-05 13:28:01,37500.0,1200,Buy,275919882
2025-03-05 13:28:08,37500.0,3000,Buy,275920085
2025-03-05 13:28:17,37500.0,600,Buy,275920301
2025-03-05 13:28:17,37500.0,100,Buy,275920300
2025-03-05 13:28:17,37500.0,100,Buy,275920298
2025-03-05 13:28:17,37500.0,300,Buy,275920299
2025-03-05 13:28:32,37500.0,200,Buy,275920769
2025-03-05 13:28:32,37450.0,300,Sell,275920771
2025-03-05 13:28:33,37500.0,1100,Buy,275920792
2025-03-05 13:28:49,37500.0,1100,Buy,275921203
2025-03-05 13:28:49,37500.0,100,Buy,275921204
2025-03-05 13:29:03,37450.0,300,Sell,275921542
2025-03-05 13:29:04,37500.0,700,Buy,275921577
2025-03-05 13:29:04,37500.0,300,Buy,275921576
2025-03-05 13:29:04,37500.0,100,Buy,275921574
2025-03-05 13:29:04,37500.0,100,Buy,275921575
2025-03-05 13:29:21,37500.0,1100,Buy,275921964
2025-03-05 13:29:21,37450.0,4000,Sell,275921985
2025-03-05 13:29:21,37450.0,100,Sell,275921986
2025-03-05 13:29:21,37450.0,2900,Sell,275921987
2025-03-05 13:29:36,37450.0,300,Sell,275922220
2025-03-05 13:29:36,37500.0,200,Buy,275922226
2025-03-05 13:29:36,37500.0,1000,Buy,275922227
2025-03-05 13:29:52,37500.0,1100,Buy,275922661
2025-03-05 13:30:00,37500.0,1000,Buy,275922841
2025-03-05 13:30:06,37450.0,300,Sell,275923092
2025-03-05 13:30:08,37500.0,800,Buy,275923133
2025-03-05 13:30:08,37500.0,300,Buy,275923132
2025-03-05 13:30:08,37500.0,100,Buy,275923131
2025-03-05 13:30:10,37500.0,100,Buy,275923194
2025-03-05 13:30:23,37500.0,1000,Buy,275923454
2025-03-05 13:30:23,37500.0,1200,Buy,275923462
2025-03-05 13:30:33,37500.0,3300,Buy,275923682
2025-03-05 13:30:33,37500.0,100,Buy,275923683
2025-03-05 13:30:33,37500.0,3300,Buy,275923684
2025-03-05 13:30:33,37500.0,200,Buy,275923685
2025-03-05 13:30:33,37500.0,3300,Buy,275923686
2025-03-05 13:30:33,37500.0,2000,Buy,275923687
2025-03-05 13:30:33,37500.0,300,Buy,275923688
2025-03-05 13:30:33,37500.0,1000,Buy,275923689
2025-03-05 13:30:33,37550.0,3100,Buy,275923698
2025-03-05 13:30:33,37500.0,100,Buy,275923691
2025-03-05 13:30:33,37500.0,1000,Buy,275923692
2025-03-05 13:30:33,37500.0,4500,Buy,275923693
2025-03-05 13:30:33,37500.0,3300,Buy,275923694
2025-03-05 13:30:33,37550.0,3000,Buy,275923695
2025-03-05 13:30:33,37550.0,1000,Buy,275923696
2025-03-05 13:30:33,37550.0,3000,Buy,275923697
2025-03-05 13:30:33,37550.0,13000,Buy,275923699
2025-03-05 13:30:33,37500.0,5000,Buy,275923690
2025-03-05 13:30:33,37500.0,100,Buy,275923681
2025-03-05 13:30:33,37500.0,300,Buy,275923678
2025-03-05 13:30:33,37500.0,3300,Buy,275923679
2025-03-05 13:30:33,37500.0,500,Buy,275923661
2025-03-05 13:30:33,37500.0,100,Buy,275923662
2025-03-05 13:30:33,37500.0,5000,Buy,275923663
2025-03-05 13:30:33,37500.0,6500,Buy,275923664
2025-03-05 13:30:33,37500.0,5000,Buy,275923665
2025-03-05 13:30:33,37500.0,100,Buy,275923666
2025-03-05 13:30:33,37500.0,500,Buy,275923667
2025-03-05 13:30:33,37500.0,500,Buy,275923668
2025-03-05 13:30:33,37500.0,3300,Buy,275923669
2025-03-05 13:30:33,37500.0,800,Buy,275923670
2025-03-05 13:30:33,37500.0,2000,Buy,275923671
2025-03-05 13:30:33,37500.0,100,Buy,275923672
2025-03-05 13:30:33,37500.0,200,Buy,275923673
2025-03-05 13:30:33,37500.0,900,Buy,275923674
2025-03-05 13:30:33,37500.0,3400,Buy,275923675
2025-03-05 13:30:33,37500.0,100,Buy,275923676
2025-03-05 13:30:33,37500.0,800,Buy,275923677
2025-03-05 13:30:33,37500.0,1000,Buy,275923660
2025-03-05 13:30:33,37500.0,15000,Buy,275923680
2025-03-05 13:30:37,37450.0,300,Sell,275923777
2025-03-05 13:30:40,37550.0,1100,Buy,275923853
2025-03-05 13:30:41,37550.0,100,Buy,275923902
2025-03-05 13:30:45,37500.0,300,Sell,275923985
2025-03-05 13:30:56,37550.0,1100,Buy,275924268
2025-03-05 13:31:03,37550.0,4400,Buy,275924464
2025-03-05 13:31:08,37550.0,5400,Buy,275924552
2025-03-05 13:31:08,37500.0,300,Sell,275924553
2025-03-05 13:31:11,37550.0,1100,Buy,275924600
2025-03-05 13:31:18,37550.0,9000,Buy,275924740
2025-03-05 13:31:22,37550.0,1300,Buy,275924853
2025-03-05 13:31:24,37550.0,200,Buy,275924923
2025-03-05 13:31:24,37550.0,100,Buy,275924924
2025-03-05 13:31:24,37550.0,200,Buy,275924925
2025-03-05 13:31:24,37550.0,1000,Buy,275924929
2025-03-05 13:31:24,37550.0,500,Buy,275924926
2025-03-05 13:31:24,37550.0,100,Buy,275924927
2025-03-05 13:31:24,37550.0,100,Buy,275924928
2025-03-05 13:31:24,37550.0,1000,Buy,275924922
2025-03-05 13:31:24,37550.0,1000,Buy,275924921
2025-03-05 13:31:24,37550.0,5000,Buy,275924915
2025-03-05 13:31:24,37550.0,500,Buy,275924919
2025-03-05 13:31:24,37550.0,1000,Buy,275924918
2025-03-05 13:31:24,37550.0,1200,Buy,275924917
2025-03-05 13:31:24,37550.0,600,Buy,275924916
2025-03-05 13:31:24,37550.0,200,Buy,275924914
2025-03-05 13:31:24,37550.0,200,Buy,275924913
2025-03-05 13:31:24,37550.0,3100,Buy,275924912
2025-03-05 13:31:24,37550.0,3500,Buy,275924911
2025-03-05 13:31:24,37550.0,500,Buy,275924920
2025-03-05 13:31:27,37550.0,100,Buy,275924988
2025-03-05 13:31:27,37550.0,2300,Buy,275924987
2025-03-05 13:31:38,37550.0,300,Sell,275925267
2025-03-05 13:31:43,37600.0,1100,Buy,275925369
2025-03-05 13:31:43,37600.0,1100,Buy,275925376
2025-03-05 13:31:51,37600.0,800,Buy,275925590
2025-03-05 13:31:51,37600.0,200,Buy,275925591
2025-03-05 13:31:51,37600.0,100,Buy,275925592
2025-03-05 13:31:51,37600.0,100,Buy,275925593
2025-03-05 13:31:51,37600.0,100,Buy,275925594
2025-03-05 13:31:51,37600.0,200,Buy,275925595
2025-03-05 13:31:51,37600.0,1000,Buy,275925602
2025-03-05 13:31:51,37600.0,200,Buy,275925597
2025-03-05 13:31:51,37600.0,500,Buy,275925598
2025-03-05 13:31:51,37600.0,10000,Buy,275925599
2025-03-05 13:31:51,37600.0,5000,Buy,275925600
2025-03-05 13:31:51,37600.0,10000,Buy,275925601
2025-03-05 13:31:51,37600.0,16700,Buy,275925603
2025-03-05 13:31:51,37600.0,100,Buy,275925596
2025-03-05 13:31:51,37600.0,1000,Buy,275925587
2025-03-05 13:31:51,37600.0,9400,Buy,275925589
2025-03-05 13:31:51,37600.0,10000,Buy,275925585
2025-03-05 13:31:51,37600.0,1000,Buy,275925586
2025-03-05 13:31:51,37600.0,900,Buy,275925570
2025-03-05 13:31:51,37600.0,1000,Buy,275925571
2025-03-05 13:31:51,37600.0,100,Buy,275925572
2025-03-05 13:31:51,37600.0,3000,Buy,275925573
2025-03-05 13:31:51,37600.0,700,Buy,275925574
2025-03-05 13:31:51,37600.0,4000,Buy,275925575
2025-03-05 13:31:51,37600.0,500,Buy,275925576
2025-03-05 13:31:51,37600.0,500,Buy,275925588
2025-03-05 13:31:51,37600.0,500,Buy,275925578
2025-03-05 13:31:51,37600.0,200,Buy,275925584
2025-03-05 13:31:51,37600.0,300,Buy,275925583
2025-03-05 13:31:51,37600.0,100,Buy,275925582
2025-03-05 13:31:51,37600.0,1000,Buy,275925577
2025-03-05 13:31:51,37600.0,100,Buy,275925580
2025-03-05 13:31:51,37600.0,20500,Buy,275925581
2025-03-05 13:31:51,37600.0,200,Buy,275925579
2025-03-05 13:31:56,37600.0,1200,Buy,275925707
2025-03-05 13:31:59,37600.0,6000,Buy,275925805
2025-03-05 13:32:00,37600.0,1000,Buy,275925821
2025-03-05 13:32:00,37600.0,1000,Buy,275925820
2025-03-05 13:32:00,37600.0,1000,Buy,275925819
2025-03-05 13:32:00,37600.0,100,Buy,275925818
2025-03-05 13:32:00,37600.0,1100,Buy,275925813
2025-03-05 13:32:00,37600.0,600,Buy,275925816
2025-03-05 13:32:00,37600.0,100,Buy,275925815
2025-03-05 13:32:00,37600.0,800,Buy,275925814
2025-03-05 13:32:00,37600.0,200,Buy,275925817
2025-03-05 13:32:09,37600.0,300,Sell,275926008
2025-03-05 13:32:13,37650.0,500,Buy,275926107
2025-03-05 13:32:13,37650.0,100,Buy,275926108
2025-03-05 13:32:13,37650.0,200,Buy,275926105
2025-03-05 13:32:13,37650.0,200,Buy,275926104
2025-03-05 13:32:13,37650.0,100,Buy,275926106
2025-03-05 13:32:28,37650.0,900,Buy,275926633
2025-03-05 13:32:28,37650.0,200,Buy,275926634
2025-03-05 13:32:30,37650.0,500,Buy,275926676
2025-03-05 13:32:30,37650.0,200,Buy,275926675
2025-03-05 13:32:30,37650.0,300,Buy,275926674
2025-03-05 13:32:30,37650.0,100,Buy,275926672
2025-03-05 13:32:30,37650.0,500,Buy,275926671
2025-03-05 13:32:30,37650.0,100,Buy,275926673
2025-03-05 13:32:30,37650.0,800,Buy,275926670
2025-03-05 13:32:32,37650.0,200,Buy,275926702
2025-03-05 13:32:37,37650.0,3200,Buy,275926951
2025-03-05 13:32:39,37600.0,300,Sell,275927016
2025-03-05 13:32:44,37650.0,1200,Buy,275927179
2025-03-05 13:32:45,37650.0,100,Buy,275927195
2025-03-05 13:32:46,37650.0,1400,Buy,275927237
2025-03-05 13:32:46,37600.0,300,Sell,275927197
2025-03-05 13:32:48,37650.0,500,Buy,275927289
2025-03-05 13:32:50,37600.0,100,Sell,275927322
2025-03-05 13:32:50,37600.0,400,Sell,275927321
2025-03-05 13:32:55,37600.0,500,Sell,275927446
2025-03-05 13:33:00,37650.0,1200,Buy,275927561
2025-03-05 13:33:05,37600.0,9400,Sell,275927748
2025-03-05 13:33:05,37600.0,10600,Sell,275927749
2025-03-05 13:33:07,37600.0,5000,Sell,275927802
2025-03-05 13:33:10,37600.0,2400,Sell,275927886
2025-03-05 13:33:17,37600.0,1000,Buy,275928016
2025-03-05 13:33:17,37600.0,100,Buy,275928017
2025-03-05 13:33:22,37600.0,100,Buy,275928213
2025-03-05 13:33:31,37550.0,3000,Sell,275928374
2025-03-05 13:33:31,37550.0,500,Sell,275928373
2025-03-05 13:33:31,37550.0,2800,Sell,275928372
2025-03-05 13:33:31,37550.0,6000,Sell,275928370
2025-03-05 13:33:31,37550.0,500,Sell,275928369
2025-03-05 13:33:31,37550.0,7300,Sell,275928368
2025-03-05 13:33:31,37550.0,20000,Sell,275928371
2025-03-05 13:33:32,37550.0,1200,Buy,275928406
2025-03-05 13:33:43,37500.0,300,Sell,275928662
2025-03-05 13:33:44,37500.0,100,Sell,275928685
2025-03-05 13:33:49,37550.0,1100,Buy,275928775
2025-03-05 13:33:51,37550.0,7600,Buy,275928849
2025-03-05 13:33:51,37550.0,2000,Buy,275928850
2025-03-05 13:33:57,37550.0,400,Sell,275928970
2025-03-05 13:34:04,37600.0,1000,Buy,275929124
2025-03-05 13:34:04,37600.0,100,Buy,275929125
2025-03-05 13:34:10,37500.0,200,Sell,275929203
2025-03-05 13:34:10,37500.0,100,Sell,275929204
2025-03-05 13:34:19,37550.0,1100,Buy,275929439
2025-03-05 13:34:34,37550.0,1100,Buy,275929792
2025-03-05 13:34:38,37500.0,1000,Sell,275929940
2025-03-05 13:34:38,37500.0,3100,Sell,275929939
2025-03-05 13:34:38,37500.0,1300,Sell,275929941
2025-03-05 13:34:42,37500.0,300,Sell,275930052
2025-03-05 13:34:50,37550.0,1100,Buy,275930196
2025-03-05 13:34:59,37550.0,500,Buy,275930419
2025-03-05 13:35:06,37550.0,1100,Buy,275930616
2025-03-05 13:35:13,37500.0,400,Sell,275930852
2025-03-05 13:35:21,37550.0,900,Buy,275931091
2025-03-05 13:35:21,37550.0,200,Buy,275931092
2025-03-05 13:35:33,37550.0,500,Buy,275931406
2025-03-05 13:35:37,37550.0,1100,Buy,275931454
2025-03-05 13:35:42,37550.0,100,Buy,275931575
2025-03-05 13:35:42,37550.0,1000,Buy,275931574
2025-03-05 13:35:42,37550.0,700,Buy,275931570
2025-03-05 13:35:42,37550.0,1700,Buy,275931569
2025-03-05 13:35:42,37550.0,500,Buy,275931571
2025-03-05 13:35:44,37550.0,2500,Sell,275931671
2025-03-05 13:35:45,37550.0,300,Sell,275931706
2025-03-05 13:35:47,37600.0,900,Buy,275931793
2025-03-05 13:35:52,37600.0,1100,Buy,275931940
2025-03-05 13:36:07,37600.0,1100,Buy,275932327
2025-03-05 13:36:16,37550.0,300,Sell,275932711
2025-03-05 13:36:22,37600.0,100,Buy,275932849
2025-03-05 13:36:22,37600.0,10000,Buy,275932851
2025-03-05 13:36:22,37600.0,3300,Buy,275932850
2025-03-05 13:36:22,37600.0,1000,Buy,275932848
2025-03-05 13:36:22,37600.0,200,Buy,275932853
2025-03-05 13:36:22,37600.0,100,Buy,275932846
2025-03-05 13:36:22,37600.0,200,Buy,275932847
2025-03-05 13:36:22,37600.0,3800,Buy,275932842
2025-03-05 13:36:22,37600.0,8000,Buy,275932852
2025-03-05 13:36:22,37600.0,1000,Buy,275932843
2025-03-05 13:36:22,37600.0,500,Buy,275932844
2025-03-05 13:36:22,37600.0,200,Buy,275932845
2025-03-05 13:36:23,37600.0,1100,Buy,275932877
2025-03-05 13:36:26,37600.0,1000,Buy,275933158
2025-03-05 13:36:26,37600.0,1000,Buy,275933176
2025-03-05 13:36:26,37600.0,300,Buy,275933177
2025-03-05 13:36:26,37600.0,1000,Buy,275933178
2025-03-05 13:36:27,37600.0,100,Sell,275933194
2025-03-05 13:36:39,37600.0,500,Sell,275933515
2025-03-05 13:36:39,37650.0,1100,Buy,275933516
2025-03-05 13:36:47,37650.0,100,Buy,275933698
2025-03-05 13:36:48,37600.0,300,Sell,275933721
2025-03-05 13:36:50,37650.0,100,Buy,275933762
2025-03-05 13:36:51,37600.0,100,Sell,275933794
2025-03-05 13:36:55,37650.0,1100,Buy,275933955
2025-03-05 13:37:10,37650.0,1200,Buy,275934353
2025-03-05 13:37:14,37600.0,1000,Sell,275934444
2025-03-05 13:37:19,37600.0,300,Sell,275934542
2025-03-05 13:37:26,37600.0,100,Sell,275934758
2025-03-05 13:37:26,37650.0,1100,Buy,275934778
2025-03-05 13:37:41,37650.0,1200,Buy,275935136
2025-03-05 13:37:43,37600.0,5300,Sell,275935176
2025-03-05 13:37:43,37600.0,2300,Sell,275935177
2025-03-05 13:37:43,37600.0,1500,Sell,275935178
2025-03-05 13:37:43,37600.0,30900,Sell,275935179
2025-03-05 13:37:49,37600.0,9100,Sell,275935360
2025-03-05 13:37:49,37600.0,2000,Sell,275935361
2025-03-05 13:37:49,37600.0,200,Sell,275935362
2025-03-05 13:37:49,37600.0,4600,Sell,275935363
2025-03-05 13:37:49,37600.0,4100,Sell,275935364
2025-03-05 13:37:50,37600.0,300,Sell,275935390
2025-03-05 13:37:53,37600.0,100,Sell,275935473
2025-03-05 13:37:57,37600.0,1100,Sell,275935559
2025-03-05 13:37:58,37600.0,1100,Buy,275935594
2025-03-05 13:37:58,37600.0,100,Buy,275935583
2025-03-05 13:38:00,37600.0,100,Buy,275935656
2025-03-05 13:38:10,37550.0,900,Sell,275935931
2025-03-05 13:38:13,37600.0,900,Buy,275936009
2025-03-05 13:38:13,37600.0,200,Buy,275936010
2025-03-05 13:38:20,37550.0,300,Sell,275936162
2025-03-05 13:38:28,37600.0,100,Buy,275936428
2025-03-05 13:38:29,37600.0,300,Buy,275936452
2025-03-05 13:38:29,37600.0,700,Buy,275936450
2025-03-05 13:38:29,37600.0,100,Buy,275936451
2025-03-05 13:38:35,37600.0,1000,Buy,275936603
2025-03-05 13:38:35,37600.0,100,Buy,275936626
2025-03-05 13:38:44,37600.0,600,Buy,275936880
2025-03-05 13:38:45,37600.0,1200,Buy,275936893
2025-03-05 13:38:51,37550.0,4000,Sell,275937113
2025-03-05 13:38:52,37550.0,300,Sell,275937187
2025-03-05 13:38:54,37550.0,3300,Sell,275937248
2025-03-05 13:39:01,37600.0,800,Buy,275937496
2025-03-05 13:39:01,37600.0,100,Buy,275937497
2025-03-05 13:39:01,37600.0,300,Buy,275937498
2025-03-05 13:39:17,37600.0,200,Buy,275938388
2025-03-05 13:39:17,37600.0,900,Buy,275938389
2025-03-05 13:39:18,37600.0,400,Buy,275938395
2025-03-05 13:39:18,37600.0,100,Buy,275938394
2025-03-05 13:39:24,37550.0,300,Sell,275938642
2025-03-05 13:39:33,37600.0,100,Buy,275939008
2025-03-05 13:39:33,37600.0,300,Buy,275939009
2025-03-05 13:39:33,37600.0,100,Buy,275939010
2025-03-05 13:39:33,37600.0,300,Buy,275939011
2025-03-05 13:39:33,37600.0,100,Buy,275939012
2025-03-05 13:39:33,37600.0,200,Buy,275939013
2025-03-05 13:39:49,37600.0,1200,Buy,275939571
2025-03-05 13:39:53,37600.0,500,Buy,275939768
2025-03-05 13:39:56,37550.0,400,Sell,275939906
2025-03-05 13:39:57,37600.0,5000,Buy,275939948
2025-03-05 13:40:05,37600.0,1100,Buy,275940227
2025-03-05 13:40:14,37600.0,100,Buy,275940458
2025-03-05 13:40:14,37600.0,100,Buy,275940457
2025-03-05 13:40:14,37600.0,100,Buy,275940455
2025-03-05 13:40:14,37600.0,100,Buy,275940456
2025-03-05 13:40:14,37600.0,1600,Buy,275940454
2025-03-05 13:40:21,37600.0,1200,Buy,275940648
2025-03-05 13:40:23,37600.0,5000,Buy,275940768
2025-03-05 13:40:28,37550.0,300,Sell,275940942
2025-03-05 13:40:35,37550.0,500,Sell,275941084
2025-03-05 13:40:37,37600.0,1100,Buy,275941114
2025-03-05 13:40:52,37600.0,1100,Buy,275941556
2025-03-05 13:40:54,37600.0,100,Buy,275941656
2025-03-05 13:40:54,37600.0,9700,Buy,275941693
2025-03-05 13:40:54,37550.0,2000,Sell,275941694
2025-03-05 13:40:58,37600.0,800,Buy,275941854
2025-03-05 13:41:00,37550.0,300,Sell,275941930
2025-03-05 13:41:00,37600.0,100,Buy,275941985
2025-03-05 13:41:07,37600.0,100,Buy,275942216
2025-03-05 13:41:07,37600.0,100,Buy,275942215
2025-03-05 13:41:07,37600.0,800,Buy,275942213
2025-03-05 13:41:07,37600.0,100,Buy,275942214
2025-03-05 13:41:08,37600.0,200,Buy,275942267
2025-03-05 13:41:17,37550.0,2000,Sell,275942678
2025-03-05 13:41:23,37600.0,700,Buy,275942980
2025-03-05 13:41:23,37600.0,500,Buy,275942981
2025-03-05 13:41:31,37550.0,400,Sell,275943262
2025-03-05 13:41:35,37550.0,1100,Sell,275943370
2025-03-05 13:41:35,37550.0,20000,Sell,275943368
2025-03-05 13:41:35,37550.0,7900,Sell,275943367
2025-03-05 13:41:35,37550.0,1000,Sell,275943369
2025-03-05 13:41:38,37550.0,400,Sell,275943485
2025-03-05 13:41:38,37550.0,100,Sell,275943484
2025-03-05 13:41:38,37550.0,400,Sell,275943483
2025-03-05 13:41:38,37550.0,4900,Sell,275943482
2025-03-05 13:41:38,37550.0,5100,Sell,275943455
2025-03-05 13:41:38,37550.0,100,Sell,275943454
2025-03-05 13:41:38,37550.0,1200,Sell,275943453
2025-03-05 13:41:38,37550.0,3000,Sell,275943451
2025-03-05 13:41:38,37550.0,8900,Sell,275943447
2025-03-05 13:41:38,37550.0,10000,Sell,275943448
2025-03-05 13:41:38,37550.0,100,Sell,275943452
2025-03-05 13:41:38,37550.0,600,Sell,275943450
2025-03-05 13:41:38,37550.0,1000,Sell,275943449
2025-03-05 13:41:39,37550.0,1100,Buy,275943519
2025-03-05 13:41:54,37550.0,6000,Buy,275943984
2025-03-05 13:41:55,37550.0,1100,Buy,275944015
2025-03-05 13:42:04,37500.0,400,Sell,275944254
2025-03-05 13:42:11,37550.0,1100,Buy,275944412
2025-03-05 13:42:12,37500.0,100,Sell,275944454
2025-03-05 13:42:12,37500.0,5000,Sell,275944453
2025-03-05 13:42:12,37500.0,8500,Sell,275944455
2025-03-05 13:42:12,37500.0,2000,Sell,275944451
2025-03-05 13:42:12,37500.0,200,Sell,275944450
2025-03-05 13:42:12,37500.0,10000,Sell,275944452
2025-03-05 13:42:12,37500.0,47600,Sell,275944449
2025-03-05 13:42:19,37500.0,7200,Sell,275944743
2025-03-05 13:42:23,37500.0,1000,Sell,275944892
2025-03-05 13:42:25,37500.0,300,Sell,275944936
2025-03-05 13:42:26,37550.0,1100,Buy,275944997
2025-03-05 13:42:29,37500.0,3000,Sell,275945049
2025-03-05 13:42:32,37500.0,1000,Sell,275945128
2025-03-05 13:42:32,37500.0,100,Sell,275945130
2025-03-05 13:42:32,37500.0,2000,Sell,275945129
2025-03-05 13:42:34,37500.0,1000,Buy,275945168
2025-03-05 13:42:37,37450.0,300,Sell,275945225
2025-03-05 13:42:42,37500.0,1200,Buy,275945391
2025-03-05 13:42:45,37500.0,800,Buy,275945678
2025-03-05 13:42:45,37500.0,2700,Buy,275945674
2025-03-05 13:42:45,37500.0,500,Buy,275945675
2025-03-05 13:42:45,37500.0,4000,Buy,275945676
2025-03-05 13:42:45,37500.0,1000,Buy,275945677
2025-03-05 13:42:58,37500.0,1100,Buy,275945974
2025-03-05 13:43:08,37500.0,100,Buy,275946220
2025-03-05 13:43:08,37500.0,1400,Buy,275946219
2025-03-05 13:43:09,37500.0,300,Sell,275946245
2025-03-05 13:43:11,37500.0,5000,Sell,275946287
2025-03-05 13:43:14,37550.0,1200,Buy,275946356
2025-03-05 13:43:30,37550.0,300,Buy,275946799
2025-03-05 13:43:30,37550.0,800,Buy,275946800
2025-03-05 13:43:41,37500.0,300,Sell,275947105
2025-03-05 13:43:44,37500.0,200,Sell,275947197
2025-03-05 13:43:45,37550.0,1100,Buy,275947222
2025-03-05 13:44:02,37550.0,1100,Buy,275947610
2025-03-05 13:44:12,37500.0,300,Sell,275947868
2025-03-05 13:44:15,37500.0,100,Sell,275947965
2025-03-05 13:44:17,37550.0,300,Buy,275948025
2025-03-05 13:44:17,37550.0,800,Buy,275948026
2025-03-05 13:44:23,37500.0,500,Sell,275948221
2025-03-05 13:44:23,37500.0,700,Sell,275948216
2025-03-05 13:44:23,37500.0,2300,Sell,275948215
2025-03-05 13:44:28,37500.0,300,Sell,275948310
2025-03-05 13:44:28,37500.0,1400,Sell,275948311
2025-03-05 13:44:28,37500.0,100,Sell,275948312
2025-03-05 13:44:28,37500.0,100,Sell,275948313
2025-03-05 13:44:28,37500.0,1100,Sell,275948314
2025-03-05 13:44:31,37500.0,1000,Sell,275948433
2025-03-05 13:44:32,37550.0,1100,Buy,275948526
2025-03-05 13:44:42,37500.0,300,Sell,275948972
2025-03-05 13:44:44,37500.0,2600,Sell,275949030
2025-03-05 13:44:44,37500.0,400,Sell,275949031
2025-03-05 13:44:44,37500.0,100,Sell,275949032
2025-03-05 13:44:45,37450.0,300,Sell,275949091
2025-03-05 13:44:48,37500.0,1100,Buy,275949267
2025-03-05 13:44:54,37500.0,100,Buy,275949394
2025-03-05 13:45:04,37500.0,1200,Buy,275949659
2025-03-05 13:45:13,37450.0,300,Sell,275949909
2025-03-05 13:45:20,37500.0,1100,Buy,275950114
2025-03-05 13:45:32,37450.0,1500,Sell,275950527
2025-03-05 13:45:35,37500.0,1200,Buy,275950630
2025-03-05 13:45:38,37500.0,2200,Buy,275950702
2025-03-05 13:45:38,37500.0,7800,Buy,275950703
2025-03-05 13:45:41,37450.0,19700,Sell,275950824
2025-03-05 13:45:41,37450.0,2000,Sell,275950823
2025-03-05 13:45:41,37450.0,100,Sell,275950822
2025-03-05 13:45:41,37450.0,1000,Sell,275950821
2025-03-05 13:45:41,37450.0,1000,Sell,275950820
2025-03-05 13:45:41,37450.0,100,Sell,275950819
2025-03-05 13:45:41,37450.0,5000,Sell,275950818
2025-03-05 13:45:41,37450.0,2000,Sell,275950817
2025-03-05 13:45:41,37450.0,1000,Sell,275950816
2025-03-05 13:45:41,37450.0,3800,Sell,275950806
2025-03-05 13:45:41,37450.0,1000,Sell,275950814
2025-03-05 13:45:41,37450.0,1000,Sell,275950807
2025-03-05 13:45:41,37450.0,5000,Sell,275950808
2025-03-05 13:45:41,37450.0,1000,Sell,275950809
2025-03-05 13:45:41,37450.0,100,Sell,275950815
2025-03-05 13:45:41,37450.0,2000,Sell,275950811
2025-03-05 13:45:41,37450.0,200,Sell,275950813
2025-03-05 13:45:41,37450.0,1000,Sell,275950810
2025-03-05 13:45:41,37450.0,13000,Sell,275950812
2025-03-05 13:45:43,37450.0,300,Sell,275950886
2025-03-05 13:45:50,37450.0,400,Sell,275951057
2025-03-05 13:45:52,37500.0,1100,Buy,275951097
2025-03-05 13:45:59,37450.0,600,Sell,275951302
2025-03-05 13:45:59,37450.0,200,Sell,275951303
2025-03-05 13:46:07,37500.0,1100,Buy,275951585
2025-03-05 13:46:13,37450.0,300,Sell,275951883
2025-03-05 13:46:23,37500.0,1200,Buy,275952469
2025-03-05 13:46:39,37500.0,1100,Buy,275953020
2025-03-05 13:46:45,37450.0,300,Sell,275953398
2025-03-05 13:46:55,37500.0,1100,Buy,275953768
2025-03-05 13:46:57,37500.0,3000,Buy,275953866
2025-03-05 13:47:10,37500.0,1200,Buy,275954417
2025-03-05 13:47:12,37450.0,100,Sell,275954500
2025-03-05 13:47:16,37450.0,400,Sell,275954584
2025-03-05 13:47:27,37500.0,1100,Buy,275954859
2025-03-05 13:47:42,37500.0,1100,Buy,275955433
2025-03-05 13:47:46,37450.0,300,Sell,275955512
2025-03-05 13:47:46,37450.0,500,Sell,275955513
2025-03-05 13:47:46,37450.0,3200,Sell,275955514
2025-03-05 13:47:49,37450.0,400,Sell,275955580
2025-03-05 13:47:58,37500.0,800,Buy,275955969
2025-03-05 13:47:58,37500.0,200,Buy,275955967
2025-03-05 13:47:58,37500.0,100,Buy,275955968
2025-03-05 13:48:09,37500.0,100,Buy,275956364
2025-03-05 13:48:14,37500.0,100,Buy,275956486
2025-03-05 13:48:14,37500.0,300,Buy,275956487
2025-03-05 13:48:14,37500.0,800,Buy,275956488
2025-03-05 13:48:21,37450.0,300,Sell,275956697
2025-03-05 13:48:28,37450.0,3300,Sell,275957045
2025-03-05 13:48:31,37500.0,500,Buy,275957130
2025-03-05 13:48:31,37500.0,600,Buy,275957131
2025-03-05 13:48:46,37500.0,1100,Buy,275957596
2025-03-05 13:48:51,37450.0,300,Sell,275957781
2025-03-05 13:48:54,37450.0,100,Sell,275957840
2025-03-05 13:49:02,37500.0,1100,Buy,275958112
2025-03-05 13:49:08,37450.0,100,Sell,275958338
2025-03-05 13:49:17,37500.0,600,Buy,275958677
2025-03-05 13:49:17,37500.0,500,Buy,275958676
2025-03-05 13:49:22,37450.0,300,Sell,275958864
2025-03-05 13:49:25,37450.0,1000,Sell,275959044
2025-03-05 13:49:25,37450.0,2300,Sell,275959045
2025-03-05 13:49:33,37500.0,1100,Buy,275959339
2025-03-05 13:49:34,37450.0,2700,Sell,275959596
2025-03-05 13:49:34,37450.0,100,Sell,275959597
2025-03-05 13:49:34,37450.0,1000,Sell,275959598
2025-03-05 13:49:34,37450.0,100,Sell,275959599
2025-03-05 13:49:34,37450.0,6100,Sell,275959600
2025-03-05 13:49:42,37450.0,2800,Sell,275959892
2025-03-05 13:49:42,37450.0,200,Sell,275959893
2025-03-05 13:49:47,37450.0,300,Sell,275960059
2025-03-05 13:49:47,37450.0,700,Sell,275960060
2025-03-05 13:49:48,37500.0,1200,Buy,275960073
2025-03-05 13:49:48,37450.0,700,Sell,275960100
2025-03-05 13:49:50,37450.0,1800,Sell,275960156
2025-03-05 13:49:50,37450.0,6100,Sell,275960154
2025-03-05 13:49:50,37450.0,500,Sell,275960155
2025-03-05 13:49:50,37450.0,1600,Sell,275960153
2025-03-05 13:49:51,37450.0,3200,Sell,275960172
2025-03-05 13:49:51,37450.0,200,Sell,275960173
2025-03-05 13:49:51,37450.0,300,Sell,275960174
2025-03-05 13:49:51,37450.0,300,Sell,275960175
2025-03-05 13:49:53,37450.0,400,Sell,275960256
2025-03-05 13:50:06,37500.0,1100,Buy,275960935
2025-03-05 13:50:14,37450.0,8000,Sell,275961149
2025-03-05 13:50:16,37450.0,21300,Sell,275961237
2025-03-05 13:50:16,37450.0,300,Sell,275961238
2025-03-05 13:50:16,37450.0,100,Sell,275961239
2025-03-05 13:50:16,37450.0,600,Sell,275961240
2025-03-05 13:50:16,37450.0,600,Sell,275961241
2025-03-05 13:50:20,37450.0,1100,Buy,275961344
2025-03-05 13:50:24,37450.0,900,Buy,275961441
2025-03-05 13:50:24,37450.0,100,Buy,275961440
2025-03-05 13:50:24,37450.0,1000,Buy,275961439
2025-03-05 13:50:25,37400.0,300,Sell,275961480
2025-03-05 13:50:28,37450.0,600,Buy,275961558
2025-03-05 13:50:35,37450.0,1100,Buy,275961795
2025-03-05 13:50:38,37450.0,700,Buy,275961886
2025-03-05 13:50:46,37450.0,400,Sell,275962271
2025-03-05 13:50:46,37450.0,500,Sell,275962280
2025-03-05 13:50:51,37500.0,1100,Buy,275962446
2025-03-05 13:50:55,37450.0,400,Sell,275962696
2025-03-05 13:50:57,37450.0,500,Sell,275962741
2025-03-05 13:50:57,37450.0,500,Sell,275962870
2025-03-05 13:51:01,37450.0,1000,Sell,275963083
2025-03-05 13:51:06,37500.0,1100,Buy,275963388
2025-03-05 13:51:12,37450.0,400,Sell,275963627
2025-03-05 13:51:12,37450.0,4100,Sell,275963628
2025-03-05 13:51:19,37450.0,900,Sell,275963884
2025-03-05 13:51:22,37450.0,1200,Buy,275963987
2025-03-05 13:51:28,37400.0,300,Sell,275964165
2025-03-05 13:51:38,37450.0,1100,Buy,275964610
2025-03-05 13:51:44,37400.0,700,Sell,275964875
2025-03-05 13:51:44,37400.0,400,Sell,275964876
2025-03-05 13:51:44,37400.0,100,Sell,275964879
2025-03-05 13:51:45,37450.0,1800,Buy,275964973
2025-03-05 13:51:45,37450.0,3300,Buy,275964974
2025-03-05 13:51:45,37450.0,3000,Buy,275964975
2025-03-05 13:51:54,37450.0,1900,Sell,275965247
2025-03-05 13:51:54,37450.0,1100,Buy,275965258
2025-03-05 13:51:58,37400.0,400,Sell,275965391
2025-03-05 13:52:10,37450.0,500,Buy,275965910
2025-03-05 13:52:11,37450.0,700,Sell,275966003
2025-03-05 13:52:13,37450.0,2300,Buy,275966072
2025-03-05 13:52:17,37450.0,100,Sell,275966313
2025-03-05 13:52:17,37450.0,1100,Sell,275966291
2025-03-05 13:52:17,37450.0,1600,Sell,275966312
2025-03-05 13:52:19,37450.0,1600,Buy,275966443
2025-03-05 13:52:19,37450.0,1000,Buy,275966444
2025-03-05 13:52:26,37500.0,1100,Buy,275966716
2025-03-05 13:52:27,37450.0,2300,Sell,275966734
2025-03-05 13:52:29,37450.0,27700,Buy,275966930
2025-03-05 13:52:30,37450.0,400,Sell,275966966
2025-03-05 13:52:30,37450.0,300,Sell,275966973
2025-03-05 13:52:42,37500.0,1100,Buy,275967485
2025-03-05 13:52:49,37450.0,7600,Sell,275967904
2025-03-05 13:52:49,37450.0,100,Sell,275967905
2025-03-05 13:52:49,37450.0,3700,Sell,275967906
2025-03-05 13:52:57,37500.0,1100,Buy,275968163
2025-03-05 13:53:00,37500.0,3000,Buy,275968266
2025-03-05 13:53:00,37500.0,500,Buy,275968265
2025-03-05 13:53:02,37450.0,5000,Sell,275968345
2025-03-05 13:53:03,37450.0,400,Sell,275968348
2025-03-05 13:53:09,37500.0,200,Buy,275968604
2025-03-05 13:53:09,37500.0,300,Buy,275968603
2025-03-05 13:53:12,37500.0,400,Buy,275968691
2025-03-05 13:53:12,37500.0,700,Buy,275968690
2025-03-05 13:53:25,37450.0,1000,Sell,275969229
2025-03-05 13:53:25,37450.0,10000,Sell,275969230
2025-03-05 13:53:25,37450.0,700,Sell,275969231
2025-03-05 13:53:25,37450.0,2400,Sell,275969232
2025-03-05 13:53:25,37450.0,900,Sell,275969228
2025-03-05 13:53:28,37500.0,1100,Buy,275969409
2025-03-05 13:53:35,37450.0,100,Sell,275969743
2025-03-05 13:53:35,37450.0,300,Sell,275969761
2025-03-05 13:53:38,37450.0,100,Sell,275969853
2025-03-05 13:53:42,37450.0,100,Sell,275970035
2025-03-05 13:53:43,37500.0,1100,Buy,275970073
2025-03-05 13:53:49,37450.0,2000,Sell,275970413
2025-03-05 13:53:49,37450.0,1000,Sell,275970414
2025-03-05 13:53:49,37450.0,200,Sell,275970415
2025-03-05 13:53:56,37400.0,1900,Sell,275970627
2025-03-05 13:53:56,37400.0,100,Sell,275970626
2025-03-05 13:53:59,37450.0,1100,Buy,275970720
2025-03-05 13:54:03,37450.0,5000,Buy,275970848
2025-03-05 13:54:06,37400.0,100,Sell,275971008
2025-03-05 13:54:06,37400.0,200,Sell,275971009
2025-03-05 13:54:11,37450.0,700,Buy,275971179
2025-03-05 13:54:11,37450.0,300,Buy,275971180
2025-03-05 13:54:14,37450.0,1200,Buy,275971260
2025-03-05 13:54:16,37450.0,500,Buy,275971321
2025-03-05 13:54:16,37450.0,1000,Buy,275971323
2025-03-05 13:54:16,37450.0,500,Buy,275971324
2025-03-05 13:54:16,37450.0,3300,Buy,275971325
2025-03-05 13:54:16,37450.0,5000,Buy,275971322
2025-03-05 13:54:17,37450.0,5000,Sell,275971331
2025-03-05 13:54:20,37450.0,1000,Sell,275971485
2025-03-05 13:54:22,37450.0,500,Sell,275971582
2025-03-05 13:54:30,37500.0,300,Buy,275972000
2025-03-05 13:54:30,37500.0,100,Buy,275971999
2025-03-05 13:54:30,37500.0,700,Buy,275971998
2025-03-05 13:54:36,37450.0,400,Sell,275972207
2025-03-05 13:54:37,37450.0,100,Sell,275972224
2025-03-05 13:54:37,37450.0,3100,Sell,275972225
2025-03-05 13:54:37,37450.0,2800,Sell,275972223
2025-03-05 13:54:43,37450.0,300,Sell,275972421
2025-03-05 13:54:43,37450.0,1500,Sell,275972422
2025-03-05 13:54:46,37500.0,200,Buy,275972496
2025-03-05 13:54:46,37500.0,200,Buy,275972497
2025-03-05 13:54:46,37500.0,100,Buy,275972498
2025-03-05 13:54:46,37500.0,500,Buy,275972499
2025-03-05 13:54:46,37500.0,200,Buy,275972500
2025-03-05 13:54:55,37450.0,100,Sell,275972840
2025-03-05 13:54:55,37450.0,1000,Sell,275972841
2025-03-05 13:54:56,37450.0,2500,Buy,275972855
2025-03-05 13:54:59,37450.0,100,Buy,275972966
2025-03-05 13:55:02,37450.0,1200,Buy,275973053
2025-03-05 13:55:06,37450.0,3700,Buy,275973177
2025-03-05 13:55:07,37450.0,6000,Buy,275973225
2025-03-05 13:55:09,37400.0,300,Sell,275973317
2025-03-05 13:55:09,37400.0,100,Sell,275973318
2025-03-05 13:55:13,37450.0,100,Buy,275973461
2025-03-05 13:55:19,37450.0,1200,Buy,275973604
2025-03-05 13:55:25,37450.0,6500,Buy,275973851
2025-03-05 13:55:35,37450.0,1100,Buy,275974283
2025-03-05 13:55:41,37400.0,900,Sell,275974501
2025-03-05 13:55:41,37400.0,100,Sell,275974502
2025-03-05 13:55:42,37400.0,100,Sell,275974685
2025-03-05 13:55:42,37400.0,100,Sell,275974686
2025-03-05 13:55:42,37400.0,200,Sell,275974687
2025-03-05 13:55:46,37400.0,2000,Sell,275974861
2025-03-05 13:55:50,37450.0,1200,Buy,275975044
2025-03-05 13:56:00,37450.0,100,Buy,275975605
2025-03-05 13:56:02,37400.0,5000,Sell,275975667
2025-03-05 13:56:02,37400.0,400,Sell,275975674
2025-03-05 13:56:02,37400.0,200,Sell,275975673
2025-03-05 13:56:02,37400.0,1000,Sell,275975672
2025-03-05 13:56:02,37400.0,7800,Sell,275975666
2025-03-05 13:56:02,37400.0,5000,Sell,275975670
2025-03-05 13:56:02,37400.0,300,Sell,275975669
2025-03-05 13:56:02,37400.0,100,Sell,275975668
2025-03-05 13:56:02,37400.0,200,Sell,275975671
2025-03-05 13:56:03,37450.0,100,Buy,275975727
2025-03-05 13:56:06,37450.0,1100,Buy,275975898
2025-03-05 13:56:14,37400.0,400,Sell,275976577
2025-03-05 13:56:22,37450.0,1100,Buy,275976908
2025-03-05 13:56:37,37450.0,1100,Buy,275977405
2025-03-05 13:56:46,37400.0,300,Sell,275977827
2025-03-05 13:56:47,37400.0,1000,Sell,275977833
2025-03-05 13:56:52,37450.0,1100,Buy,275978052
2025-03-05 13:57:07,37450.0,1100,Buy,275978696
2025-03-05 13:57:18,37400.0,300,Sell,275979085
2025-03-05 13:57:23,37450.0,1200,Buy,275979221
2025-03-05 13:57:39,37450.0,1100,Buy,275980028
2025-03-05 13:57:43,37400.0,100,Sell,275980181
2025-03-05 13:57:49,37400.0,400,Sell,275980474
2025-03-05 13:57:55,37450.0,1100,Buy,275980661
2025-03-05 13:57:58,37400.0,200,Sell,275980760
2025-03-05 13:58:01,37400.0,100,Sell,275980823
2025-03-05 13:58:01,37400.0,3300,Sell,275980836
2025-03-05 13:58:11,37450.0,1100,Buy,275981090
2025-03-05 13:58:22,37400.0,400,Sell,275981451
2025-03-05 13:58:26,37450.0,1500,Buy,275981565
2025-03-05 13:58:27,37450.0,1100,Buy,275981627
2025-03-05 13:58:34,37450.0,2500,Buy,275981843
2025-03-05 13:58:42,37450.0,1100,Buy,275982104
2025-03-05 13:58:53,37450.0,2000,Buy,275982416
2025-03-05 13:58:54,37400.0,300,Sell,275982445
2025-03-05 13:58:58,37400.0,3300,Sell,275982656
2025-03-05 13:58:58,37450.0,1100,Buy,275982655
2025-03-05 13:59:06,37400.0,700,Sell,275982880
2025-03-05 13:59:13,37450.0,1100,Buy,275983176
2025-03-05 13:59:17,37450.0,9700,Buy,275983331
2025-03-05 13:59:17,37450.0,5000,Buy,275983332
2025-03-05 13:59:17,37450.0,300,Buy,275983333
2025-03-05 13:59:18,37400.0,3300,Sell,275983351
2025-03-05 13:59:18,37400.0,3300,Sell,275983369
2025-03-05 13:59:23,37450.0,600,Buy,275983549
2025-03-05 13:59:23,37450.0,500,Buy,275983548
2025-03-05 13:59:23,37450.0,3400,Buy,275983547
2025-03-05 13:59:23,37450.0,500,Buy,275983546
2025-03-05 13:59:23,37450.0,500,Buy,275983544
2025-03-05 13:59:23,37450.0,1000,Buy,275983543
2025-03-05 13:59:23,37450.0,500,Buy,275983545
2025-03-05 13:59:23,37450.0,500,Buy,275983541
2025-03-05 13:59:23,37450.0,3300,Buy,275983540
2025-03-05 13:59:23,37450.0,5000,Buy,275983539
2025-03-05 13:59:23,37450.0,200,Buy,275983538
2025-03-05 13:59:23,37450.0,1100,Buy,275983537
2025-03-05 13:59:23,37450.0,10000,Buy,275983536
2025-03-05 13:59:23,37450.0,3000,Buy,275983535
2025-03-05 13:59:23,37450.0,900,Buy,275983542
2025-03-05 13:59:24,37400.0,300,Sell,275983579
2025-03-05 13:59:29,37450.0,1100,Buy,275983757
2025-03-05 13:59:30,37400.0,1000,Sell,275983789
2025-03-05 13:59:31,37450.0,6700,Buy,275983850
2025-03-05 13:59:31,37450.0,8300,Buy,275983849
2025-03-05 13:59:35,37450.0,1000,Buy,275983969
2025-03-05 13:59:36,37450.0,12300,Buy,275983987
2025-03-05 13:59:36,37450.0,900,Buy,275983988
2025-03-05 13:59:36,37450.0,2000,Buy,275983989
2025-03-05 13:59:36,37450.0,6000,Buy,275983990
2025-03-05 13:59:36,37450.0,500,Buy,275983991
2025-03-05 13:59:36,37450.0,500,Buy,275983992
2025-03-05 13:59:44,37500.0,300,Buy,275984311
2025-03-05 13:59:44,37500.0,800,Buy,275984312
2025-03-05 13:59:55,37450.0,400,Sell,275984646
2025-03-05 13:59:56,37450.0,3300,Sell,275984669
2025-03-05 14:00:00,37500.0,1100,Buy,275984767
2025-03-05 14:00:02,37450.0,500,Sell,275984910
2025-03-05 14:00:04,37500.0,500,Buy,275985012
2025-03-05 14:00:04,37500.0,500,Buy,275985013
2025-03-05 14:00:04,37500.0,3300,Buy,275985014
2025-03-05 14:00:04,37500.0,10000,Buy,275985015
2025-03-05 14:00:04,37500.0,100,Buy,275985016
2025-03-05 14:00:04,37500.0,300,Buy,275985017
2025-03-05 14:00:04,37500.0,5000,Buy,275985019
2025-03-05 14:00:04,37500.0,500,Buy,275985011
2025-03-05 14:00:04,37500.0,200,Buy,275985020
2025-03-05 14:00:04,37500.0,8000,Buy,275985021
2025-03-05 14:00:04,37500.0,10000,Buy,275985022
2025-03-05 14:00:04,37500.0,2500,Buy,275985025
2025-03-05 14:00:04,37500.0,8400,Buy,275985026
2025-03-05 14:00:04,37500.0,100,Buy,275985018
2025-03-05 14:00:04,37500.0,300,Buy,275985010
2025-03-05 14:00:04,37500.0,100,Buy,275985024
2025-03-05 14:00:04,37500.0,20000,Buy,275985008
2025-03-05 14:00:04,37500.0,2000,Buy,275985009
2025-03-05 14:00:04,37500.0,2000,Buy,275984993
2025-03-05 14:00:04,37500.0,3000,Buy,275984994
2025-03-05 14:00:04,37500.0,10000,Buy,275984995
2025-03-05 14:00:04,37500.0,2000,Buy,275984996
2025-03-05 14:00:04,37500.0,1000,Buy,275984997
2025-03-05 14:00:04,37500.0,500,Buy,275984998
2025-03-05 14:00:04,37500.0,100,Buy,275984999
2025-03-05 14:00:04,37500.0,200,Buy,275985023
2025-03-05 14:00:04,37500.0,300,Buy,275985001
2025-03-05 14:00:04,37500.0,1000,Buy,275985002
2025-03-05 14:00:04,37500.0,2000,Buy,275985003
2025-03-05 14:00:04,37500.0,2800,Buy,275985000
2025-03-05 14:00:04,37500.0,2000,Buy,275985004
2025-03-05 14:00:04,37500.0,100,Buy,275985005
2025-03-05 14:00:04,37500.0,1000,Buy,275985006
2025-03-05 14:00:04,37500.0,200,Buy,275985007
2025-03-05 14:00:15,37500.0,1100,Buy,275985434
2025-03-05 14:00:16,37500.0,1500,Buy,275985439
2025-03-05 14:00:16,37500.0,400,Buy,275985440
2025-03-05 14:00:16,37500.0,100,Buy,275985441
2025-03-05 14:00:16,37500.0,1000,Buy,275985442
2025-03-05 14:00:27,37500.0,300,Sell,275985813
2025-03-05 14:00:31,37550.0,1000,Buy,275985933
2025-03-05 14:00:31,37550.0,100,Buy,275985932
2025-03-05 14:00:46,37550.0,1000,Buy,275986351
2025-03-05 14:00:46,37550.0,100,Buy,275986352
2025-03-05 14:00:48,37500.0,1200,Sell,275986395
2025-03-05 14:00:50,37500.0,1000,Buy,275986448
2025-03-05 14:00:58,37500.0,3300,Buy,275986696
2025-03-05 14:00:58,37500.0,11800,Buy,275986694
2025-03-05 14:00:58,37500.0,10000,Buy,275986695
2025-03-05 14:00:59,37500.0,300,Sell,275986716
2025-03-05 14:01:01,37500.0,2600,Sell,275986756
2025-03-05 14:01:02,37550.0,200,Buy,275986788
2025-03-05 14:01:02,37550.0,900,Buy,275986789
2025-03-05 14:01:18,37550.0,1200,Buy,275987204
2025-03-05 14:01:29,37500.0,400,Sell,275987485
2025-03-05 14:01:34,37550.0,1100,Buy,275987677
2025-03-05 14:01:38,37550.0,5000,Buy,275987831
2025-03-05 14:01:42,37500.0,12100,Sell,275987917
2025-03-05 14:01:50,37550.0,1200,Buy,275988152
2025-03-05 14:01:50,37500.0,3300,Sell,275988178
2025-03-05 14:01:53,37500.0,1000,Sell,275988274
2025-03-05 14:01:59,37500.0,3000,Sell,275988457
2025-03-05 14:02:01,37500.0,300,Sell,275988503
2025-03-05 14:02:06,37550.0,600,Buy,275988618
2025-03-05 14:02:06,37550.0,600,Buy,275988617
2025-03-05 14:02:15,37500.0,100,Sell,275988848
2025-03-05 14:02:23,37550.0,1100,Buy,275989065
2025-03-05 14:02:33,37500.0,300,Sell,275989353
2025-03-05 14:02:38,37550.0,1100,Buy,275989546
2025-03-05 14:02:44,37500.0,500,Sell,275989725
2025-03-05 14:02:44,37500.0,500,Sell,275989726
2025-03-05 14:02:47,37500.0,2500,Sell,275989786
2025-03-05 14:02:48,37500.0,700,Sell,275989824
2025-03-05 14:02:48,37500.0,100,Sell,275989825
2025-03-05 14:02:48,37500.0,2500,Sell,275989826
2025-03-05 14:02:53,37550.0,500,Buy,275990087
2025-03-05 14:02:53,37550.0,700,Buy,275990088
2025-03-05 14:03:01,37500.0,1600,Sell,275990301
2025-03-05 14:03:04,37500.0,400,Sell,275990371
2025-03-05 14:03:09,37550.0,300,Buy,275990516
2025-03-05 14:03:09,37550.0,100,Buy,275990517
2025-03-05 14:03:09,37550.0,200,Buy,275990518
2025-03-05 14:03:09,37550.0,500,Buy,275990519
2025-03-05 14:03:13,37500.0,1000,Sell,275990614
2025-03-05 14:03:19,37500.0,1000,Sell,275990743
2025-03-05 14:03:26,37550.0,1200,Buy,275990861
2025-03-05 14:03:34,37500.0,100,Sell,275991049
2025-03-05 14:03:37,37500.0,300,Sell,275991107
2025-03-05 14:03:38,37550.0,1700,Buy,275991158
2025-03-05 14:03:38,37550.0,300,Buy,275991159
2025-03-05 14:03:38,37550.0,2000,Buy,275991160
2025-03-05 14:03:38,37550.0,500,Buy,275991161
2025-03-05 14:03:38,37550.0,10000,Buy,275991162
2025-03-05 14:03:38,37550.0,2500,Buy,275991163
2025-03-05 14:03:38,37550.0,1000,Buy,275991164
2025-03-05 14:03:38,37550.0,300,Buy,275991165
2025-03-05 14:03:38,37550.0,1700,Buy,275991166
2025-03-05 14:03:42,37550.0,1100,Buy,275991240
2025-03-05 14:03:47,37500.0,500,Sell,275991313
2025-03-05 14:03:52,37500.0,100,Sell,275991530
2025-03-05 14:03:52,37500.0,2000,Sell,275991529
2025-03-05 14:03:52,37500.0,1200,Sell,275991478
2025-03-05 14:03:52,37500.0,1400,Sell,275991528
2025-03-05 14:03:57,37550.0,1100,Buy,275991651
2025-03-05 14:04:08,37500.0,400,Sell,275991936
2025-03-05 14:04:14,37550.0,1100,Buy,275992079
2025-03-05 14:04:22,37500.0,200,Sell,275992232
2025-03-05 14:04:23,37550.0,1500,Buy,275992261
2025-03-05 14:04:24,37550.0,500,Buy,275992302
2025-03-05 14:04:25,37500.0,2100,Sell,275992328
2025-03-05 14:04:29,37550.0,1100,Buy,275992432
2025-03-05 14:04:35,37500.0,400,Sell,275992561
2025-03-05 14:04:40,37500.0,100,Sell,275992714
2025-03-05 14:04:40,37500.0,300,Sell,275992715
2025-03-05 14:04:43,37500.0,100,Sell,275992824
2025-03-05 14:04:43,37500.0,1300,Sell,275992821
2025-03-05 14:04:43,37500.0,1800,Sell,275992822
2025-03-05 14:04:43,37500.0,100,Sell,275992823
2025-03-05 14:04:44,37550.0,1100,Buy,275992854
2025-03-05 14:04:58,37550.0,100,Buy,275993207
2025-03-05 14:05:00,37550.0,700,Buy,275993316
2025-03-05 14:05:00,37550.0,400,Buy,275993317
2025-03-05 14:05:13,37500.0,300,Sell,275993615
2025-03-05 14:05:13,37500.0,200,Sell,275993616
2025-03-05 14:05:16,37550.0,3000,Buy,275993709
2025-03-05 14:05:16,37550.0,100,Buy,275993718
2025-03-05 14:05:16,37550.0,500,Buy,275993717
2025-03-05 14:05:16,37550.0,500,Buy,275993716
2025-03-05 14:05:16,37550.0,10000,Buy,275993715
2025-03-05 14:05:16,37550.0,1000,Buy,275993714
2025-03-05 14:05:16,37550.0,300,Buy,275993713
2025-03-05 14:05:16,37550.0,200,Buy,275993712
2025-03-05 14:05:16,37550.0,3300,Buy,275993711
2025-03-05 14:05:16,37550.0,5000,Buy,275993710
2025-03-05 14:05:16,37550.0,300,Buy,275993708
2025-03-05 14:05:16,37550.0,700,Buy,275993719
2025-03-05 14:05:16,37550.0,100,Buy,275993706
2025-03-05 14:05:16,37550.0,600,Buy,275993695
2025-03-05 14:05:16,37550.0,1000,Buy,275993696
2025-03-05 14:05:16,37550.0,200,Buy,275993697
2025-03-05 14:05:16,37550.0,500,Buy,275993698
2025-03-05 14:05:16,37550.0,500,Buy,275993699
2025-03-05 14:05:16,37550.0,20000,Buy,275993707
2025-03-05 14:05:16,37550.0,10000,Buy,275993701
2025-03-05 14:05:16,37550.0,1000,Buy,275993702
2025-03-05 14:05:16,37550.0,500,Buy,275993703
2025-03-05 14:05:16,37550.0,500,Buy,275993704
2025-03-05 14:05:16,37550.0,100,Buy,275993705
2025-03-05 14:05:16,37550.0,5000,Buy,275993700
2025-03-05 14:05:28,37550.0,20500,Sell,275993966
2025-03-05 14:05:31,37600.0,1100,Buy,275994113
2025-03-05 14:05:33,37600.0,1100,Buy,275994140
2025-03-05 14:05:43,37550.0,1000,Sell,275994449
2025-03-05 14:05:44,37550.0,400,Sell,275994461
2025-03-05 14:05:45,37600.0,600,Buy,275994479
2025-03-05 14:05:45,37600.0,100,Buy,275994480
2025-03-05 14:05:45,37600.0,500,Buy,275994481
2025-03-05 14:05:46,37550.0,200,Sell,275994503
2025-03-05 14:05:56,37600.0,100,Buy,275994727
2025-03-05 14:06:00,37600.0,1000,Buy,275994841
2025-03-05 14:06:01,37600.0,1100,Buy,275994859
2025-03-05 14:06:16,37550.0,300,Sell,275995277
2025-03-05 14:06:17,37600.0,1100,Buy,275995297
2025-03-05 14:06:32,37600.0,1100,Buy,275995727
2025-03-05 14:06:36,37550.0,3500,Sell,275995834
2025-03-05 14:06:37,37550.0,3300,Sell,275995893
2025-03-05 14:06:46,37600.0,3000,Buy,275996074
2025-03-05 14:06:48,37600.0,1200,Buy,275996135
2025-03-05 14:06:48,37550.0,300,Sell,275996137
2025-03-05 14:06:49,37600.0,300,Buy,275996176
2025-03-05 14:06:49,37600.0,200,Buy,275996177
2025-03-05 14:06:49,37600.0,500,Buy,275996175
2025-03-05 14:06:49,37600.0,800,Buy,275996178
2025-03-05 14:06:49,37600.0,1000,Buy,275996173
2025-03-05 14:06:49,37600.0,3300,Buy,275996172
2025-03-05 14:06:49,37600.0,2900,Buy,275996171
2025-03-05 14:06:49,37600.0,100,Buy,275996174
2025-03-05 14:06:49,37600.0,900,Buy,275996170
2025-03-05 14:06:50,37600.0,1000,Buy,275996195
2025-03-05 14:06:53,37500.0,2400,Sell,275996272
2025-03-05 14:06:53,37500.0,100,Sell,275996271
2025-03-05 14:06:53,37500.0,400,Sell,275996270
2025-03-05 14:06:53,37500.0,400,Sell,275996269
2025-03-05 14:06:53,37550.0,4600,Sell,275996266
2025-03-05 14:06:53,37550.0,16000,Sell,275996267
2025-03-05 14:06:53,37550.0,20000,Sell,275996265
2025-03-05 14:06:53,37550.0,5600,Sell,275996264
2025-03-05 14:06:53,37550.0,500,Sell,275996268
2025-03-05 14:07:04,37550.0,200,Buy,275996583
2025-03-05 14:07:04,37550.0,100,Buy,275996584
2025-03-05 14:07:04,37550.0,100,Buy,275996585
2025-03-05 14:07:05,37550.0,800,Sell,275996612
2025-03-05 14:07:18,37550.0,1200,Buy,275996906
2025-03-05 14:07:18,37550.0,500,Buy,275996907
2025-03-05 14:07:18,37550.0,100,Buy,275996908
2025-03-05 14:07:19,37550.0,2900,Sell,275996944
2025-03-05 14:07:19,37550.0,300,Sell,275996938
2025-03-05 14:07:20,37550.0,1100,Buy,275996980
2025-03-05 14:07:22,37550.0,1500,Buy,275997024
2025-03-05 14:07:27,37550.0,500,Buy,275997090
2025-03-05 14:07:27,37550.0,500,Buy,275997091
2025-03-05 14:07:30,37550.0,2000,Sell,275997169
2025-03-05 14:07:30,37550.0,4000,Sell,275997184
2025-03-05 14:07:32,37550.0,2000,Buy,275997238
2025-03-05 14:07:35,37500.0,200,Sell,275997307
2025-03-05 14:07:35,37500.0,3300,Sell,275997315
2025-03-05 14:07:36,37550.0,1100,Buy,275997342
2025-03-05 14:07:42,37550.0,500,Buy,275997473
2025-03-05 14:07:42,37550.0,2900,Buy,275997472
2025-03-05 14:07:48,37550.0,800,Sell,275997633
2025-03-05 14:07:48,37550.0,1500,Sell,275997634
2025-03-05 14:07:48,37550.0,700,Sell,275997635
2025-03-05 14:07:49,37500.0,300,Sell,275997658
2025-03-05 14:07:52,37550.0,1100,Buy,275997732
2025-03-05 14:08:07,37550.0,1100,Buy,275998172
2025-03-05 14:08:09,37500.0,200,Sell,275998202
2025-03-05 14:08:19,37500.0,400,Sell,275998435
2025-03-05 14:08:22,37550.0,1100,Buy,275998564
2025-03-05 14:08:33,37550.0,1000,Buy,275998844
2025-03-05 14:08:37,37550.0,100,Buy,275998951
2025-03-05 14:08:38,37550.0,900,Buy,275998997
2025-03-05 14:08:38,37550.0,1200,Buy,275998986
2025-03-05 14:08:38,37550.0,1400,Buy,275998996
2025-03-05 14:08:52,37500.0,300,Sell,275999366
2025-03-05 14:08:53,37550.0,1000,Buy,275999391
2025-03-05 14:08:54,37550.0,1100,Buy,275999422
2025-03-05 14:08:57,37550.0,4000,Buy,275999491
2025-03-05 14:08:57,37550.0,500,Buy,275999492
2025-03-05 14:08:57,37550.0,100,Buy,275999493
2025-03-05 14:08:57,37550.0,3300,Buy,275999494
2025-03-05 14:08:57,37550.0,1000,Buy,275999495
2025-03-05 14:08:57,37550.0,800,Buy,275999497
2025-03-05 14:08:57,37550.0,300,Buy,275999496
2025-03-05 14:09:05,37550.0,1400,Buy,275999712
2025-03-05 14:09:10,37550.0,1100,Buy,275999904
2025-03-05 14:09:13,37500.0,1000,Sell,276000003
2025-03-05 14:09:15,37550.0,10000,Buy,276000087
2025-03-05 14:09:20,37550.0,4000,Buy,276000220
2025-03-05 14:09:21,37550.0,300,Buy,276000224
2025-03-05 14:09:21,37550.0,700,Buy,276000223
2025-03-05 14:09:23,37500.0,400,Sell,276000333
2025-03-05 14:09:25,37550.0,500,Buy,276000371
2025-03-05 14:09:25,37550.0,700,Buy,276000370
2025-03-05 14:09:25,37550.0,600,Buy,276000372
2025-03-05 14:09:29,37550.0,3200,Sell,276000484
2025-03-05 14:09:29,37550.0,100,Sell,276000485
2025-03-05 14:09:34,37550.0,1000,Sell,276000593
2025-03-05 14:09:36,37550.0,1000,Buy,276000652
2025-03-05 14:09:42,37550.0,1100,Buy,276000857
2025-03-05 14:09:43,37550.0,1700,Buy,276000907
2025-03-05 14:09:50,37550.0,700,Buy,276001083
2025-03-05 14:09:53,37550.0,100,Sell,276001175
2025-03-05 14:09:55,37500.0,400,Sell,276001217
2025-03-05 14:09:57,37550.0,1100,Buy,276001266
2025-03-05 14:10:06,37550.0,3800,Buy,276001543
2025-03-05 14:10:06,37550.0,6200,Buy,276001544
2025-03-05 14:10:12,37550.0,800,Buy,276001698
2025-03-05 14:10:12,37550.0,200,Buy,276001699
2025-03-05 14:10:12,37550.0,100,Buy,276001700
2025-03-05 14:10:27,37500.0,300,Sell,276002087
2025-03-05 14:10:28,37550.0,900,Buy,276002093
2025-03-05 14:10:28,37550.0,200,Buy,276002094
2025-03-05 14:10:30,37550.0,1000,Buy,276002160
2025-03-05 14:10:31,37550.0,2100,Buy,276002163
2025-03-05 14:10:43,37600.0,200,Buy,276002514
2025-03-05 14:10:43,37600.0,1000,Buy,276002515
2025-03-05 14:10:45,37550.0,6500,Sell,276002656
2025-03-05 14:10:45,37550.0,500,Sell,276002657
2025-03-05 14:10:53,37550.0,100,Sell,276002889
2025-03-05 14:10:59,37550.0,300,Sell,276003092
2025-03-05 14:10:59,37600.0,500,Buy,276003099
2025-03-05 14:10:59,37600.0,700,Buy,276003100
2025-03-05 14:11:15,37600.0,1200,Buy,276003500
2025-03-05 14:11:23,37600.0,3000,Buy,276003752
2025-03-05 14:11:29,37550.0,400,Sell,276004042
2025-03-05 14:11:29,37550.0,100,Sell,276004039
2025-03-05 14:11:29,37550.0,2100,Sell,276004038
2025-03-05 14:11:29,37550.0,2800,Sell,276004040
2025-03-05 14:11:32,37600.0,100,Buy,276004121
2025-03-05 14:11:32,37600.0,1000,Buy,276004122
2025-03-05 14:11:37,37600.0,100,Buy,276004325
2025-03-05 14:11:37,37600.0,100,Buy,276004318
2025-03-05 14:11:37,37600.0,2400,Buy,276004319
2025-03-05 14:11:37,37600.0,8500,Buy,276004320
2025-03-05 14:11:37,37600.0,200,Buy,276004321
2025-03-05 14:11:37,37600.0,200,Buy,276004322
2025-03-05 14:11:37,37600.0,1100,Buy,276004323
2025-03-05 14:11:37,37600.0,1000,Buy,276004324
2025-03-05 14:11:37,37600.0,4000,Buy,276004326
2025-03-05 14:11:37,37600.0,11100,Buy,276004335
2025-03-05 14:11:37,37600.0,200,Buy,276004328
2025-03-05 14:11:37,37600.0,100,Buy,276004329
2025-03-05 14:11:37,37600.0,2000,Buy,276004330
2025-03-05 14:11:37,37600.0,100,Buy,276004331
2025-03-05 14:11:37,37600.0,500,Buy,276004332
2025-03-05 14:11:37,37600.0,100,Buy,276004333
2025-03-05 14:11:37,37600.0,100,Buy,276004334
2025-03-05 14:11:37,37600.0,100,Buy,276004317
2025-03-05 14:11:37,37600.0,1000,Buy,276004327
2025-03-05 14:11:37,37600.0,200,Buy,276004316
2025-03-05 14:11:37,37600.0,200,Buy,276004299
2025-03-05 14:11:37,37600.0,4500,Buy,276004314
2025-03-05 14:11:37,37600.0,1000,Buy,276004295
2025-03-05 14:11:37,37600.0,20000,Buy,276004296
2025-03-05 14:11:37,37600.0,200,Buy,276004297
2025-03-05 14:11:37,37600.0,300,Buy,276004298
2025-03-05 14:11:37,37600.0,5000,Buy,276004294
2025-03-05 14:11:37,37600.0,3000,Buy,276004300
2025-03-05 14:11:37,37600.0,300,Buy,276004301
2025-03-05 14:11:37,37600.0,1000,Buy,276004302
2025-03-05 14:11:37,37600.0,300,Buy,276004303
2025-03-05 14:11:37,37600.0,3300,Buy,276004315
2025-03-05 14:11:37,37600.0,10000,Buy,276004305
2025-03-05 14:11:37,37600.0,100,Buy,276004313
2025-03-05 14:11:37,37600.0,2000,Buy,276004312
2025-03-05 14:11:37,37600.0,700,Buy,276004311
2025-03-05 14:11:37,37600.0,5000,Buy,276004310
2025-03-05 14:11:37,37600.0,5000,Buy,276004304
2025-03-05 14:11:37,37600.0,1000,Buy,276004308
2025-03-05 14:11:37,37600.0,200,Buy,276004307
2025-03-05 14:11:37,37600.0,200,Buy,276004306
2025-03-05 14:11:37,37600.0,3600,Buy,276004309
2025-03-05 14:11:44,37600.0,1500,Buy,276004593
2025-03-05 14:11:48,37600.0,1100,Buy,276004694
2025-03-05 14:11:48,37600.0,1600,Buy,276004693
2025-03-05 14:11:48,37600.0,3400,Buy,276004692
2025-03-05 14:12:02,37550.0,300,Sell,276005127
2025-03-05 14:12:03,37600.0,500,Buy,276005183
2025-03-05 14:12:03,37600.0,600,Buy,276005182
2025-03-05 14:12:05,37600.0,800,Buy,276005265
2025-03-05 14:12:06,37600.0,100,Buy,276005290
2025-03-05 14:12:08,37600.0,300,Buy,276005314
2025-03-05 14:12:10,37600.0,100,Buy,276005481
2025-03-05 14:12:16,37600.0,100,Buy,276005661
2025-03-05 14:12:18,37600.0,1100,Buy,276005706
2025-03-05 14:12:22,37600.0,3000,Buy,276005797
2025-03-05 14:12:23,37600.0,100,Buy,276005866
2025-03-05 14:12:24,37600.0,100,Buy,276005873
2025-03-05 14:12:24,37600.0,400,Buy,276005874
2025-03-05 14:12:25,37600.0,300,Buy,276005906
2025-03-05 14:12:25,37600.0,300,Buy,276005905
2025-03-05 14:12:25,37600.0,100,Buy,276005904
2025-03-05 14:12:25,37600.0,100,Buy,276005903
2025-03-05 14:12:32,37550.0,400,Sell,276006137
2025-03-05 14:12:33,37600.0,1100,Buy,276006192
2025-03-05 14:12:42,37600.0,600,Buy,276006557
2025-03-05 14:12:42,37600.0,700,Buy,276006558
2025-03-05 14:12:49,37600.0,1200,Buy,276006731
2025-03-05 14:13:04,37550.0,300,Sell,276007145
2025-03-05 14:13:05,37600.0,1100,Buy,276007185
2025-03-05 14:13:15,37600.0,2500,Buy,276007530
2025-03-05 14:13:20,37600.0,1200,Buy,276007665
2025-03-05 14:13:30,37600.0,400,Buy,276007929
2025-03-05 14:13:30,37600.0,1000,Buy,276007928
2025-03-05 14:13:30,37600.0,3300,Buy,276007925
2025-03-05 14:13:30,37600.0,2000,Buy,276007927
2025-03-05 14:13:30,37600.0,3300,Buy,276007926
2025-03-05 14:13:32,37600.0,4600,Buy,276007956
2025-03-05 14:13:32,37600.0,400,Buy,276007957
2025-03-05 14:13:35,37550.0,300,Sell,276008033
2025-03-05 14:13:37,37600.0,300,Buy,276008100
2025-03-05 14:13:37,37600.0,900,Buy,276008101
2025-03-05 14:13:46,37550.0,200,Sell,276008422
2025-03-05 14:13:53,37600.0,1200,Buy,276008697
2025-03-05 14:13:56,37550.0,1000,Sell,276008743
2025-03-05 14:14:07,37550.0,300,Sell,276009065
2025-03-05 14:14:09,37600.0,1100,Buy,276009169
2025-03-05 14:14:24,37600.0,1100,Buy,276009633
2025-03-05 14:14:30,37550.0,200,Sell,276009777
2025-03-05 14:14:38,37550.0,300,Sell,276009982
2025-03-05 14:14:39,37600.0,1200,Buy,276010048
2025-03-05 14:14:49,37550.0,5700,Sell,276010445
2025-03-05 14:14:49,37550.0,3500,Sell,276010442
2025-03-05 14:14:49,37550.0,400,Sell,276010443
2025-03-05 14:14:49,37550.0,400,Sell,276010444
2025-03-05 14:14:51,37550.0,4300,Sell,276010511
2025-03-05 14:14:51,37550.0,700,Sell,276010512
2025-03-05 14:14:53,37550.0,1000,Sell,276010563
2025-03-05 14:14:54,37550.0,300,Sell,276010602
2025-03-05 14:14:56,37600.0,1100,Buy,276010680
2025-03-05 14:14:56,37550.0,6000,Sell,276010699
2025-03-05 14:14:57,37550.0,2000,Sell,276010718
2025-03-05 14:14:57,37550.0,2000,Sell,276010719
2025-03-05 14:15:00,37550.0,1000,Sell,276010777
2025-03-05 14:15:03,37550.0,800,Sell,276010974
2025-03-05 14:15:03,37550.0,200,Sell,276010975
2025-03-05 14:15:04,37550.0,900,Sell,276011013
2025-03-05 14:15:04,37550.0,900,Sell,276011012
2025-03-05 14:15:04,37550.0,10000,Sell,276011011
2025-03-05 14:15:06,37550.0,200,Buy,276011085
2025-03-05 14:15:08,37500.0,100,Sell,276011107
2025-03-05 14:15:08,37500.0,300,Sell,276011108
2025-03-05 14:15:11,37550.0,1100,Buy,276011168
2025-03-05 14:15:21,37500.0,3700,Sell,276011399
2025-03-05 14:15:21,37500.0,14300,Sell,276011400
2025-03-05 14:15:23,37500.0,5700,Sell,276011457
2025-03-05 14:15:23,37500.0,400,Sell,276011458
2025-03-05 14:15:23,37500.0,1000,Sell,276011459
2025-03-05 14:15:23,37500.0,1000,Sell,276011460
2025-03-05 14:15:23,37500.0,300,Sell,276011461
2025-03-05 14:15:27,37500.0,1100,Buy,276011579
2025-03-05 14:15:28,37500.0,100,Buy,276011615
2025-03-05 14:15:31,37500.0,10000,Buy,276011692
2025-03-05 14:15:31,37500.0,400,Buy,276011691
2025-03-05 14:15:38,37500.0,500,Sell,276011924
2025-03-05 14:15:39,37500.0,2800,Sell,276012001
2025-03-05 14:15:40,37500.0,400,Sell,276012045
2025-03-05 14:15:43,37550.0,1100,Buy,276012137
2025-03-05 14:15:46,37500.0,2000,Sell,276012235
2025-03-05 14:15:47,37500.0,500,Sell,276012286
2025-03-05 14:15:49,37500.0,400,Sell,276012316
2025-03-05 14:15:49,37500.0,200,Sell,276012317
2025-03-05 14:15:49,37500.0,5000,Sell,276012318
2025-03-05 14:15:52,37500.0,400,Buy,276012402
2025-03-05 14:15:58,37500.0,1100,Buy,276012583
2025-03-05 14:16:01,37500.0,400,Buy,276012724
2025-03-05 14:16:07,37500.0,100,Buy,276012876
2025-03-05 14:16:13,37450.0,300,Sell,276013088
2025-03-05 14:16:14,37500.0,1100,Buy,276013099
2025-03-05 14:16:23,37500.0,200,Buy,276013375
2025-03-05 14:16:23,37500.0,500,Buy,276013374
2025-03-05 14:16:23,37500.0,1300,Buy,276013373
2025-03-05 14:16:24,37500.0,1100,Buy,276013397
2025-03-05 14:16:28,37500.0,100,Buy,276013514
2025-03-05 14:16:29,37500.0,100,Buy,276013524
2025-03-05 14:16:29,37500.0,500,Buy,276013543
2025-03-05 14:16:29,37500.0,600,Buy,276013544
2025-03-05 14:16:30,37500.0,2700,Buy,276013568
2025-03-05 14:16:32,37500.0,2300,Sell,276013651
2025-03-05 14:16:42,37500.0,500,Buy,276013983
2025-03-05 14:16:44,37500.0,300,Buy,276014021
2025-03-05 14:16:44,37500.0,400,Sell,276014028
2025-03-05 14:16:53,37500.0,400,Sell,276014253
2025-03-05 14:16:53,37500.0,600,Sell,276014254
2025-03-05 14:16:53,37500.0,2000,Sell,276014255
2025-03-05 14:17:00,37500.0,200,Buy,276014530
2025-03-05 14:17:00,37500.0,300,Buy,276014531
2025-03-05 14:17:00,37500.0,300,Buy,276014528
2025-03-05 14:17:00,37500.0,300,Buy,276014529
2025-03-05 14:17:16,37500.0,1100,Buy,276015213
2025-03-05 14:17:17,37450.0,400,Sell,276015226
2025-03-05 14:17:32,37500.0,1100,Buy,276015591
2025-03-05 14:17:42,37500.0,2500,Buy,276015846
2025-03-05 14:17:42,37500.0,600,Buy,276015847
2025-03-05 14:17:42,37500.0,1300,Buy,276015848
2025-03-05 14:17:42,37500.0,3300,Buy,276015849
2025-03-05 14:17:42,37500.0,3300,Buy,276015850
2025-03-05 14:17:42,37500.0,500,Buy,276015851
2025-03-05 14:17:42,37500.0,3500,Buy,276015852
2025-03-05 14:17:48,37500.0,1200,Buy,276015976
2025-03-05 14:17:49,37450.0,400,Sell,276016026
2025-03-05 14:18:04,37500.0,1100,Buy,276016418
2025-03-05 14:18:19,37500.0,1100,Buy,276016958
2025-03-05 14:18:22,37450.0,400,Sell,276017108
2025-03-05 14:18:34,37500.0,700,Buy,276017707
2025-03-05 14:18:34,37500.0,1000,Buy,276017710
2025-03-05 14:18:34,37500.0,900,Buy,276017709
2025-03-05 14:18:34,37500.0,1200,Buy,276017706
2025-03-05 14:18:34,37500.0,1000,Buy,276017708
2025-03-05 14:18:34,37500.0,2000,Buy,276017704
2025-03-05 14:18:34,37500.0,3100,Buy,276017701
2025-03-05 14:18:34,37500.0,100,Buy,276017703
2025-03-05 14:18:34,37500.0,1000,Buy,276017702
2025-03-05 14:18:34,37500.0,5000,Buy,276017705
2025-03-05 14:18:35,37500.0,1100,Buy,276017723
2025-03-05 14:18:46,37500.0,1000,Buy,276018081
2025-03-05 14:18:51,37500.0,1100,Buy,276018215
2025-03-05 14:18:54,37450.0,300,Sell,276018306
2025-03-05 14:19:03,37450.0,1200,Sell,276018591
2025-03-05 14:19:06,37500.0,300,Buy,276018822
2025-03-05 14:19:06,37500.0,800,Buy,276018821
2025-03-05 14:19:08,37450.0,100,Sell,276018940
2025-03-05 14:19:08,37450.0,1000,Sell,276018938
2025-03-05 14:19:08,37450.0,10000,Sell,276018937
2025-03-05 14:19:08,37450.0,500,Sell,276018939
2025-03-05 14:19:08,37450.0,30000,Sell,276018941
2025-03-05 14:19:08,37450.0,100,Sell,276018946
2025-03-05 14:19:08,37450.0,20000,Sell,276018943
2025-03-05 14:19:08,37450.0,3000,Sell,276018944
2025-03-05 14:19:08,37450.0,100,Sell,276018945
2025-03-05 14:19:08,37450.0,100,Sell,276018936
2025-03-05 14:19:08,37450.0,300,Sell,276018942
2025-03-05 14:19:08,37450.0,100,Sell,276018935
2025-03-05 14:19:08,37450.0,300,Sell,276018924
2025-03-05 14:19:08,37450.0,500,Sell,276018933
2025-03-05 14:19:08,37450.0,900,Sell,276018934
2025-03-05 14:19:08,37450.0,10000,Sell,276018925
2025-03-05 14:19:08,37450.0,100,Sell,276018926
2025-03-05 14:19:08,37450.0,100,Sell,276018927
2025-03-05 14:19:08,37450.0,10600,Sell,276018922
2025-03-05 14:19:08,37450.0,100,Sell,276018929
2025-03-05 14:19:08,37450.0,10000,Sell,276018930
2025-03-05 14:19:08,37450.0,200,Sell,276018931
2025-03-05 14:19:08,37450.0,300,Sell,276018932
2025-03-05 14:19:08,37450.0,3000,Sell,276018928
2025-03-05 14:19:08,37450.0,3000,Sell,276018923
2025-03-05 14:19:22,37450.0,1100,Buy,276019594
2025-03-05 14:19:25,37400.0,300,Sell,276019775
2025-03-05 14:19:26,37400.0,3900,Sell,276019839
2025-03-05 14:19:27,37450.0,1400,Buy,276019851
2025-03-05 14:19:34,37450.0,300,Buy,276020127
2025-03-05 14:19:38,37450.0,1200,Buy,276020229
2025-03-05 14:19:39,37400.0,1000,Sell,276020292
2025-03-05 14:19:39,37400.0,3800,Sell,276020295
2025-03-05 14:19:39,37400.0,2000,Sell,276020294
2025-03-05 14:19:39,37400.0,100,Sell,276020293
2025-03-05 14:19:39,37400.0,500,Sell,276020291
2025-03-05 14:19:39,37400.0,300,Sell,276020289
2025-03-05 14:19:39,37400.0,26700,Sell,276020287
2025-03-05 14:19:39,37400.0,600,Sell,276020290
2025-03-05 14:19:39,37400.0,5000,Sell,276020288
2025-03-05 14:19:54,37450.0,1100,Buy,276020867
2025-03-05 14:19:56,37400.0,400,Sell,276020956
2025-03-05 14:20:01,37400.0,1300,Sell,276021258
2025-03-05 14:20:10,37450.0,1200,Buy,276021628
2025-03-05 14:20:13,37450.0,200,Buy,276021805
2025-03-05 14:20:26,37450.0,1100,Buy,276022319
2025-03-05 14:20:26,37450.0,100,Buy,276022320
2025-03-05 14:20:29,37400.0,300,Sell,276022466
2025-03-05 14:20:42,37450.0,1100,Buy,276023375
2025-03-05 14:20:48,37450.0,1500,Buy,276023583
2025-03-05 14:20:58,37450.0,300,Buy,276024089
2025-03-05 14:20:58,37450.0,800,Buy,276024090
2025-03-05 14:21:00,37400.0,400,Sell,276024166
2025-03-05 14:21:01,37450.0,100,Buy,276024252
2025-03-05 14:21:02,37450.0,900,Buy,276024278
2025-03-05 14:21:13,37450.0,1200,Buy,276024859
2025-03-05 14:21:30,37450.0,1100,Buy,276025681
2025-03-05 14:21:32,37400.0,300,Sell,276025833
2025-03-05 14:21:40,37400.0,200,Sell,276026495
2025-03-05 14:21:40,37450.0,100,Buy,276026502
2025-03-05 14:21:42,37450.0,1600,Buy,276026609
2025-03-05 14:21:45,37450.0,1100,Buy,276026763
2025-03-05 14:22:01,37450.0,1100,Buy,276027922
2025-03-05 14:22:04,37400.0,300,Sell,276028113
2025-03-05 14:22:17,37450.0,1100,Buy,276028719
2025-03-05 14:22:17,37400.0,100,Sell,276028739
2025-03-05 14:22:21,37450.0,6300,Buy,276029013
2025-03-05 14:22:21,37450.0,3700,Buy,276029014
2025-03-05 14:22:26,37450.0,2000,Buy,276029383
2025-03-05 14:22:32,37450.0,1100,Buy,276029923
2025-03-05 14:22:35,37400.0,300,Sell,276030103
2025-03-05 14:22:35,37400.0,3300,Sell,276030104
2025-03-05 14:22:43,37400.0,500,Sell,276030610
2025-03-05 14:22:45,37400.0,500,Sell,276030743
2025-03-05 14:22:45,37400.0,9500,Sell,276030744
2025-03-05 14:22:46,37400.0,1000,Sell,276030835
2025-03-05 14:22:48,37450.0,1100,Buy,276030904
2025-03-05 14:22:50,37450.0,2100,Buy,276030974
2025-03-05 14:22:50,37450.0,2600,Buy,276030975
2025-03-05 14:22:50,37450.0,1000,Buy,276030976
2025-03-05 14:22:50,37450.0,1000,Buy,276030977
2025-03-05 14:22:50,37450.0,300,Buy,276030978
2025-03-05 14:22:50,37450.0,3000,Buy,276030979
2025-03-05 14:22:53,37450.0,3700,Buy,276031170
2025-03-05 14:22:54,37450.0,1300,Buy,276031280
2025-03-05 14:22:54,37450.0,200,Buy,276031281
2025-03-05 14:22:54,37450.0,800,Buy,276031282
2025-03-05 14:22:57,37450.0,1800,Sell,276031448
2025-03-05 14:22:57,37450.0,700,Sell,276031447
2025-03-05 14:23:04,37500.0,1100,Buy,276032039
2025-03-05 14:23:05,37450.0,3200,Sell,276032098
2025-03-05 14:23:06,37400.0,400,Sell,276032177
2025-03-05 14:23:16,37450.0,14300,Buy,276032914
2025-03-05 14:23:17,37400.0,1000,Sell,276033042
2025-03-05 14:23:19,37450.0,1100,Buy,276033140
2025-03-05 14:23:23,37450.0,1400,Buy,276033507
2025-03-05 14:23:23,37450.0,5000,Buy,276033508
2025-03-05 14:23:27,37450.0,1500,Sell,276033693
2025-03-05 14:23:30,37450.0,200,Sell,276033869
2025-03-05 14:23:34,37500.0,1100,Buy,276034266
2025-03-05 14:23:38,37450.0,300,Sell,276034646
2025-03-05 14:23:38,37450.0,900,Sell,276034736
2025-03-05 14:23:50,37500.0,1100,Buy,276035793
2025-03-05 14:23:50,37450.0,1900,Sell,276035777
2025-03-05 14:23:50,37450.0,700,Sell,276035774
2025-03-05 14:23:50,37450.0,500,Sell,276035775
2025-03-05 14:23:50,37450.0,13800,Sell,276035776
2025-03-05 14:24:00,37450.0,30000,Sell,276036445
2025-03-05 14:24:03,37450.0,10000,Sell,276036723
2025-03-05 14:24:04,37450.0,3200,Sell,276036888
2025-03-05 14:24:04,37450.0,2000,Sell,276036889
2025-03-05 14:24:06,37500.0,1100,Buy,276037088
2025-03-05 14:24:06,37450.0,4100,Sell,276037099
2025-03-05 14:24:06,37450.0,500,Sell,276037100
2025-03-05 14:24:07,37450.0,400,Buy,276037120
2025-03-05 14:24:08,37450.0,15700,Sell,276037214
2025-03-05 14:24:19,37400.0,8100,Sell,276038047
2025-03-05 14:24:19,37400.0,500,Sell,276038048
2025-03-05 14:24:19,37400.0,300,Sell,276038049
2025-03-05 14:24:19,37400.0,1000,Sell,276038050
2025-03-05 14:24:19,37400.0,100,Sell,276038051
2025-03-05 14:24:21,37450.0,1200,Buy,276038372
2025-03-05 14:24:34,37450.0,4000,Buy,276039553
2025-03-05 14:24:34,37450.0,8000,Buy,276039552
2025-03-05 14:24:34,37450.0,400,Buy,276039551
2025-03-05 14:24:34,37450.0,3100,Buy,276039550
2025-03-05 14:24:37,37450.0,1000,Buy,276039769
2025-03-05 14:24:37,37450.0,100,Buy,276039770
2025-03-05 14:24:38,37450.0,1400,Buy,276039919
2025-03-05 14:24:38,37450.0,3600,Buy,276039920
2025-03-05 14:24:41,37400.0,100,Sell,276040045
2025-03-05 14:24:41,37400.0,100,Sell,276040046
2025-03-05 14:24:41,37400.0,200,Sell,276040047
2025-03-05 14:24:42,37450.0,1000,Buy,276040094
2025-03-05 14:24:54,37450.0,1100,Buy,276041142
2025-03-05 14:24:55,37450.0,300,Buy,276041338
2025-03-05 14:25:07,37450.0,5200,Buy,276042335
2025-03-05 14:25:07,37450.0,3000,Buy,276042334
2025-03-05 14:25:07,37450.0,2400,Buy,276042333
2025-03-05 14:25:07,37450.0,1000,Buy,276042331
2025-03-05 14:25:07,37450.0,300,Buy,276042332
2025-03-05 14:25:07,37450.0,3000,Buy,276042330
2025-03-05 14:25:07,37400.0,500,Sell,276042290
2025-03-05 14:25:07,37400.0,500,Sell,276042289
2025-03-05 14:25:07,37400.0,200,Sell,276042288
2025-03-05 14:25:07,37400.0,300,Sell,276042287
2025-03-05 14:25:09,37450.0,1200,Buy,276042558
2025-03-05 14:25:11,37400.0,3900,Sell,276042791
2025-03-05 14:25:13,37400.0,400,Sell,276042985
2025-03-05 14:25:14,37400.0,2000,Sell,276043024
2025-03-05 14:25:16,37450.0,10000,Buy,276043160
2025-03-05 14:25:21,37400.0,2000,Sell,276043531
2025-03-05 14:25:25,37400.0,300,Sell,276043850
2025-03-05 14:25:33,37400.0,3000,Sell,276044687
2025-03-05 14:25:34,37400.0,1000,Sell,276044756
2025-03-05 14:25:39,37450.0,1400,Buy,276045336
2025-03-05 14:25:41,37400.0,2500,Sell,276045510
2025-03-05 14:25:42,37400.0,1800,Sell,276045669
2025-03-05 14:25:42,37400.0,800,Sell,276045667
2025-03-05 14:25:42,37400.0,200,Sell,276045668
2025-03-05 14:25:44,37400.0,200,Sell,276045803
2025-03-05 14:25:44,37400.0,100,Sell,276045804
2025-03-05 14:25:44,37400.0,200,Sell,276045805
2025-03-05 14:25:44,37400.0,500,Sell,276045806
2025-03-05 14:25:44,37400.0,500,Sell,276045807
2025-03-05 14:25:44,37400.0,3000,Sell,276045808
2025-03-05 14:25:44,37400.0,500,Sell,276045809
2025-03-05 14:25:46,37400.0,300,Sell,276046260
2025-03-05 14:25:47,37400.0,200,Sell,276046433
2025-03-05 14:25:47,37400.0,100,Sell,276046434
2025-03-05 14:25:47,37400.0,500,Sell,276046435
2025-03-05 14:25:47,37400.0,200,Sell,276046436
2025-03-05 14:25:50,37400.0,700,Sell,276046793
2025-03-05 14:25:50,37400.0,2600,Sell,276046792
2025-03-05 14:25:50,37400.0,20500,Sell,276046794
2025-03-05 14:25:50,37400.0,100,Sell,276046791
2025-03-05 14:25:50,37400.0,13500,Sell,276046790
2025-03-05 14:25:50,37400.0,200,Sell,276046789
2025-03-05 14:25:50,37400.0,100,Sell,276046788
2025-03-05 14:25:50,37400.0,2000,Sell,276046787
2025-03-05 14:25:50,37400.0,300,Sell,276046786
2025-03-05 14:25:54,37400.0,5000,Sell,276047241
2025-03-05 14:25:54,37400.0,200,Sell,276047242
2025-03-05 14:25:56,37400.0,500,Sell,276047425
2025-03-05 14:25:59,37400.0,5000,Sell,276047803
2025-03-05 14:25:59,37400.0,500,Sell,276047808
2025-03-05 14:26:01,37400.0,1000,Sell,276047951
2025-03-05 14:26:03,37400.0,3000,Sell,276048106
2025-03-05 14:26:03,37400.0,3200,Sell,276048144
2025-03-05 14:26:04,37400.0,4000,Sell,276048249
2025-03-05 14:26:06,37400.0,4500,Sell,276048397
2025-03-05 14:26:06,37400.0,1000,Sell,276048324
2025-03-05 14:26:08,37400.0,1900,Sell,276048544
2025-03-05 14:26:08,37450.0,100,Buy,276048561
2025-03-05 14:26:10,37400.0,2700,Sell,276048646
2025-03-05 14:26:10,37400.0,3500,Sell,276048660
2025-03-05 14:26:13,37400.0,10500,Sell,276049233
2025-03-05 14:26:13,37400.0,1600,Sell,276049232
2025-03-05 14:26:13,37400.0,3700,Sell,276049230
2025-03-05 14:26:13,37400.0,100,Sell,276049229
2025-03-05 14:26:13,37400.0,100,Sell,276049228
2025-03-05 14:26:13,37400.0,5000,Sell,276049227
2025-03-05 14:26:13,37400.0,1000,Sell,276049226
2025-03-05 14:26:13,37400.0,300,Sell,276049225
2025-03-05 14:26:13,37400.0,400,Sell,276049231
2025-03-05 14:26:13,37400.0,1000,Sell,276049223
2025-03-05 14:26:13,37400.0,100,Sell,276049222
2025-03-05 14:26:13,37400.0,700,Sell,276049221
2025-03-05 14:26:13,37400.0,1000,Sell,276049220
2025-03-05 14:26:13,37400.0,600,Sell,276049219
2025-03-05 14:26:13,37400.0,13500,Sell,276049216
2025-03-05 14:26:13,37400.0,100,Sell,276049218
2025-03-05 14:26:13,37400.0,10000,Sell,276049217
2025-03-05 14:26:13,37400.0,300,Sell,276049224
2025-03-05 14:26:15,37400.0,500,Sell,276049459
2025-03-05 14:26:16,37400.0,900,Sell,276049490
2025-03-05 14:26:18,37350.0,100,Sell,276049914
2025-03-05 14:26:18,37350.0,300,Sell,276049913
2025-03-05 14:26:24,37350.0,100,Sell,276050709
2025-03-05 14:26:26,37350.0,800,Sell,276050844
2025-03-05 14:26:26,37350.0,900,Sell,276050845
2025-03-05 14:26:29,37350.0,5000,Sell,276051391
2025-03-05 14:26:31,37350.0,30600,Sell,276051559
2025-03-05 14:26:37,37350.0,5000,Sell,276052389
2025-03-05 14:26:40,37350.0,800,Sell,276052706
2025-03-05 14:26:40,37350.0,100,Sell,276052705
2025-03-05 14:26:40,37350.0,500,Sell,276052673
2025-03-05 14:26:40,37350.0,500,Sell,276052672
2025-03-05 14:26:40,37350.0,1000,Sell,276052667
2025-03-05 14:26:40,37350.0,1500,Sell,276052670
2025-03-05 14:26:40,37350.0,100,Sell,276052669
2025-03-05 14:26:40,37350.0,100,Sell,276052668
2025-03-05 14:26:40,37350.0,8500,Sell,276052666
2025-03-05 14:26:40,37350.0,800,Sell,276052671
2025-03-05 14:26:44,37350.0,200,Sell,276053318
2025-03-05 14:26:44,37350.0,200,Sell,276053317
2025-03-05 14:26:44,37350.0,100,Sell,276053316
2025-03-05 14:26:44,37350.0,100,Sell,276053315
2025-03-05 14:26:44,37350.0,1000,Sell,276053314
2025-03-05 14:26:44,37350.0,1200,Sell,276053313
2025-03-05 14:26:44,37350.0,100,Sell,276053312
2025-03-05 14:26:44,37350.0,100,Sell,276053308
2025-03-05 14:26:44,37350.0,1000,Sell,276053309
2025-03-05 14:26:44,37350.0,200,Sell,276053307
2025-03-05 14:26:44,37350.0,900,Sell,276053311
2025-03-05 14:26:44,37350.0,300,Sell,276053305
2025-03-05 14:26:44,37350.0,100,Sell,276053306
2025-03-05 14:26:44,37350.0,200,Sell,276053268
2025-03-05 14:26:44,37350.0,2000,Sell,276053269
2025-03-05 14:26:44,37350.0,5000,Sell,276053270
2025-03-05 14:26:44,37350.0,2500,Sell,276053271
2025-03-05 14:26:44,37350.0,100,Sell,276053272
2025-03-05 14:26:44,37350.0,300,Sell,276053310
2025-03-05 14:26:44,37350.0,20000,Sell,276053284
2025-03-05 14:26:44,37350.0,1000,Sell,276053304
2025-03-05 14:26:44,37350.0,200,Sell,276053303
2025-03-05 14:26:44,37350.0,40200,Sell,276053273
2025-03-05 14:26:44,37350.0,39800,Sell,276053302
2025-03-05 14:26:49,37300.0,700,Sell,276053941
2025-03-05 14:26:49,37300.0,300,Sell,276053955
2025-03-05 14:26:49,37300.0,500,Sell,276053954
2025-03-05 14:26:49,37300.0,100,Sell,276053953
2025-03-05 14:26:49,37300.0,200,Sell,276053951
2025-03-05 14:26:49,37300.0,200,Sell,276053950
2025-03-05 14:26:49,37300.0,1000,Sell,276053949
2025-03-05 14:26:49,37300.0,100,Sell,276053952
2025-03-05 14:26:49,37300.0,500,Sell,276053947
2025-03-05 14:26:49,37300.0,2000,Sell,276053946
2025-03-05 14:26:49,37300.0,100,Sell,276053945
2025-03-05 14:26:49,37300.0,300,Sell,276053944
2025-03-05 14:26:49,37300.0,100,Sell,276053943
2025-03-05 14:26:49,37300.0,1000,Sell,276053942
2025-03-05 14:26:49,37300.0,300,Sell,276053948
2025-03-05 14:26:50,37350.0,300,Buy,276053999
2025-03-05 14:26:51,37300.0,100,Sell,276054121
2025-03-05 14:26:51,37300.0,100,Sell,276054142
2025-03-05 14:26:51,37300.0,900,Sell,276054143
2025-03-05 14:26:53,37300.0,100,Sell,276054346
2025-03-05 14:26:53,37300.0,100,Sell,276054347
2025-03-05 14:26:53,37300.0,100,Sell,276054345
2025-03-05 14:26:53,37300.0,100,Sell,276054340
2025-03-05 14:26:53,37300.0,100,Sell,276054343
2025-03-05 14:26:53,37300.0,100,Sell,276054342
2025-03-05 14:26:53,37300.0,500,Sell,276054341
2025-03-05 14:26:53,37300.0,1000,Sell,276054344
2025-03-05 14:26:54,37300.0,2500,Sell,276054418
2025-03-05 14:26:55,37300.0,2000,Sell,276054686
2025-03-05 14:26:55,37300.0,100,Sell,276054694
2025-03-05 14:26:55,37300.0,5000,Sell,276054693
2025-03-05 14:26:55,37300.0,1000,Sell,276054692
2025-03-05 14:26:55,37300.0,500,Sell,276054691
2025-03-05 14:26:55,37300.0,200,Sell,276054690
2025-03-05 14:26:55,37300.0,1000,Sell,276054689
2025-03-05 14:26:55,37300.0,200,Sell,276054688
2025-03-05 14:26:55,37300.0,200,Sell,276054687
2025-03-05 14:26:55,37300.0,300,Sell,276054685
2025-03-05 14:26:55,37300.0,300,Sell,276054677
2025-03-05 14:26:55,37300.0,10000,Sell,276054683
2025-03-05 14:26:55,37300.0,47400,Sell,276054673
2025-03-05 14:26:55,37300.0,10000,Sell,276054684
2025-03-05 14:26:55,37300.0,300,Sell,276054674
2025-03-05 14:26:55,37300.0,500,Sell,276054676
2025-03-05 14:26:55,37300.0,100,Sell,276054675
2025-03-05 14:26:55,37300.0,300,Sell,276054679
2025-03-05 14:26:55,37300.0,20000,Sell,276054682
2025-03-05 14:26:55,37300.0,100,Sell,276054680
2025-03-05 14:26:55,37300.0,500,Sell,276054681
2025-03-05 14:26:55,37300.0,50000,Sell,276054678
2025-03-05 14:26:58,37300.0,100,Sell,276054944
2025-03-05 14:26:58,37300.0,500,Sell,276054949
2025-03-05 14:26:58,37300.0,1000,Sell,276054948
2025-03-05 14:26:58,37300.0,100,Sell,276054947
2025-03-05 14:26:58,37300.0,200,Sell,276054946
2025-03-05 14:26:58,37300.0,2000,Sell,276054941
2025-03-05 14:26:58,37300.0,5000,Sell,276054943
2025-03-05 14:26:58,37300.0,200,Sell,276054942
2025-03-05 14:26:58,37300.0,5000,Sell,276054940
2025-03-05 14:26:58,37300.0,9900,Sell,276054939
2025-03-05 14:26:58,37300.0,200,Sell,276054945
2025-03-05 14:26:59,37250.0,1000,Sell,276055010
2025-03-05 14:26:59,37250.0,500,Sell,276055012
2025-03-05 14:26:59,37250.0,1000,Sell,276055011
2025-03-05 14:26:59,37250.0,600,Sell,276055013
2025-03-05 14:26:59,37250.0,100,Sell,276055009
2025-03-05 14:26:59,37250.0,1000,Sell,276055007
2025-03-05 14:26:59,37250.0,100,Sell,276055008
2025-03-05 14:26:59,37250.0,200,Sell,276055005
2025-03-05 14:26:59,37250.0,500,Sell,276055006
2025-03-05 14:27:02,37250.0,400,Sell,276055337
2025-03-05 14:27:02,37250.0,100,Sell,276055348
2025-03-05 14:27:02,37250.0,5000,Sell,276055347
2025-03-05 14:27:02,37250.0,1000,Sell,276055346
2025-03-05 14:27:02,37250.0,100,Sell,276055345
2025-03-05 14:27:02,37250.0,200,Sell,276055344
2025-03-05 14:27:02,37250.0,8900,Sell,276055349
2025-03-05 14:27:02,37250.0,1000,Sell,276055342
2025-03-05 14:27:02,37250.0,300,Sell,276055341
2025-03-05 14:27:02,37250.0,30000,Sell,276055340
2025-03-05 14:27:02,37250.0,1000,Sell,276055339
2025-03-05 14:27:02,37250.0,1000,Sell,276055338
2025-03-05 14:27:02,37250.0,1000,Sell,276055343
2025-03-05 14:27:04,37250.0,200,Sell,276055534
2025-03-05 14:27:04,37250.0,1500,Sell,276055535
2025-03-05 14:27:04,37250.0,1100,Sell,276055532
2025-03-05 14:27:04,37250.0,3000,Sell,276055533
2025-03-05 14:27:07,37250.0,1000,Sell,276055889
2025-03-05 14:27:08,37250.0,2500,Sell,276055965
2025-03-05 14:27:08,37250.0,200,Sell,276055966
2025-03-05 14:27:08,37250.0,200,Sell,276055967
2025-03-05 14:27:08,37250.0,200,Sell,276055968
2025-03-05 14:27:12,37200.0,1000,Sell,276056293
2025-03-05 14:27:12,37200.0,200,Sell,276056294
2025-03-05 14:27:12,37200.0,200,Sell,276056292
2025-03-05 14:27:12,37200.0,900,Sell,276056295
2025-03-05 14:27:12,37200.0,500,Sell,276056290
2025-03-05 14:27:12,37200.0,100,Sell,276056289
2025-03-05 14:27:12,37200.0,2000,Sell,276056288
2025-03-05 14:27:12,37200.0,6500,Sell,276056287
2025-03-05 14:27:12,37200.0,500,Sell,276056291
2025-03-05 14:27:17,37200.0,300,Sell,276056705
2025-03-05 14:27:17,37250.0,1000,Buy,276056684
2025-03-05 14:27:18,37200.0,1000,Sell,276056803
2025-03-05 14:27:19,37200.0,1000,Sell,276056814
2025-03-05 14:27:20,37200.0,2000,Sell,276057074
2025-03-05 14:27:21,37200.0,300,Sell,276057210
2025-03-05 14:27:21,37200.0,200,Sell,276057209
2025-03-05 14:27:21,37200.0,100,Sell,276057188
2025-03-05 14:27:21,37200.0,2000,Sell,276057187
2025-03-05 14:27:21,37200.0,100,Sell,276057185
2025-03-05 14:27:21,37200.0,500,Sell,276057184
2025-03-05 14:27:21,37200.0,600,Sell,276057189
2025-03-05 14:27:21,37200.0,700,Sell,276057182
2025-03-05 14:27:21,37200.0,300,Sell,276057183
2025-03-05 14:27:21,37200.0,4800,Sell,276057177
2025-03-05 14:27:21,37200.0,100,Sell,276057178
2025-03-05 14:27:21,37200.0,1000,Sell,276057186
2025-03-05 14:27:21,37200.0,100,Sell,276057179
2025-03-05 14:27:21,37200.0,1300,Sell,276057180
2025-03-05 14:27:21,37200.0,2000,Sell,276057181
2025-03-05 14:27:23,37200.0,700,Sell,276057437
2025-03-05 14:27:23,37200.0,2000,Sell,276057438
2025-03-05 14:27:23,37200.0,300,Sell,276057439
2025-03-05 14:27:23,37200.0,100,Sell,276057458
2025-03-05 14:27:23,37200.0,500,Sell,276057459
2025-03-05 14:27:23,37200.0,100,Sell,276057460
2025-03-05 14:27:23,37200.0,100,Sell,276057461
2025-03-05 14:27:23,37200.0,500,Sell,276057462
2025-03-05 14:27:23,37200.0,500,Sell,276057463
2025-03-05 14:27:23,37200.0,200,Sell,276057440
2025-03-05 14:27:25,37200.0,3000,Sell,276057625
2025-03-05 14:27:26,37200.0,1300,Sell,276057648
2025-03-05 14:27:26,37200.0,1000,Sell,276057801
2025-03-05 14:27:27,37200.0,2000,Sell,276057931
2025-03-05 14:27:28,37200.0,5000,Sell,276058168
2025-03-05 14:27:29,37200.0,1000,Sell,276058223
2025-03-05 14:27:31,37200.0,1000,Sell,276058418
2025-03-05 14:27:32,37200.0,100,Sell,276058489
2025-03-05 14:27:32,37200.0,200,Sell,276058488
2025-03-05 14:27:32,37200.0,100,Sell,276058487
2025-03-05 14:27:32,37200.0,100,Sell,276058486
2025-03-05 14:27:32,37200.0,2000,Sell,276058485
2025-03-05 14:27:32,37200.0,2000,Sell,276058484
2025-03-05 14:27:32,37200.0,10000,Sell,276058466
2025-03-05 14:27:32,37200.0,200,Sell,276058482
2025-03-05 14:27:32,37200.0,300,Sell,276058483
2025-03-05 14:27:32,37200.0,500,Sell,276058478
2025-03-05 14:27:32,37200.0,200,Sell,276058490
2025-03-05 14:27:32,37200.0,2000,Sell,276058480
2025-03-05 14:27:32,37200.0,100,Sell,276058481
2025-03-05 14:27:32,37200.0,9700,Sell,276058479
2025-03-05 14:27:33,37250.0,500,Buy,276058513
2025-03-05 14:27:35,37200.0,200,Sell,276058795
2025-03-05 14:27:35,37200.0,1000,Sell,276058843
2025-03-05 14:27:36,37200.0,1400,Sell,276058935
2025-03-05 14:27:36,37200.0,8600,Sell,276058934
2025-03-05 14:27:37,37200.0,600,Sell,276058955
2025-03-05 14:27:37,37200.0,700,Sell,276059021
2025-03-05 14:27:38,37200.0,2200,Sell,276059141
2025-03-05 14:27:38,37200.0,300,Sell,276059137
2025-03-05 14:27:38,37200.0,1000,Sell,276059138
2025-03-05 14:27:38,37200.0,300,Sell,276059139
2025-03-05 14:27:38,37200.0,200,Sell,276059140
2025-03-05 14:27:39,37200.0,300,Sell,276059252
2025-03-05 14:27:40,37200.0,700,Sell,276059385
2025-03-05 14:27:40,37200.0,500,Sell,276059310
2025-03-05 14:27:41,37200.0,200,Sell,276059418
2025-03-05 14:27:41,37200.0,1000,Sell,276059419
2025-03-05 14:27:41,37200.0,2500,Sell,276059420
2025-03-05 14:27:41,37200.0,500,Sell,276059439
2025-03-05 14:27:41,37200.0,200,Sell,276059465
2025-03-05 14:27:41,37200.0,1300,Sell,276059417
2025-03-05 14:27:42,37200.0,800,Sell,276059552
2025-03-05 14:27:42,37200.0,100,Sell,276059553
2025-03-05 14:27:42,37200.0,1100,Sell,276059554
2025-03-05 14:27:42,37200.0,500,Buy,276059572
2025-03-05 14:27:42,37200.0,1000,Buy,276059657
2025-03-05 14:27:43,37200.0,500,Buy,276059678
2025-03-05 14:27:44,37250.0,500,Buy,276059811
2025-03-05 14:27:45,37200.0,1000,Sell,276059914
2025-03-05 14:27:45,37200.0,100,Sell,276059915
2025-03-05 14:27:45,37200.0,2000,Buy,276059939
2025-03-05 14:27:45,37200.0,2500,Sell,276059913
2025-03-05 14:27:46,37200.0,1000,Buy,276059951
2025-03-05 14:27:49,37150.0,200,Sell,276060330
2025-03-05 14:27:49,37150.0,9800,Sell,276060331
2025-03-05 14:27:49,37150.0,5200,Sell,276060433
2025-03-05 14:27:49,37150.0,1000,Sell,276060434
2025-03-05 14:27:49,37150.0,1000,Sell,276060435
2025-03-05 14:27:49,37150.0,2800,Sell,276060436
2025-03-05 14:27:50,37200.0,2500,Buy,276060483
2025-03-05 14:27:50,37200.0,1000,Buy,276060484
2025-03-05 14:27:54,37200.0,1500,Sell,276060969
2025-03-05 14:27:54,37200.0,500,Sell,276060970
2025-03-05 14:27:56,37200.0,500,Sell,276061303
2025-03-05 14:27:56,37200.0,9500,Sell,276061304
2025-03-05 14:27:57,37200.0,500,Sell,276061317
2025-03-05 14:27:58,37200.0,2000,Buy,276061441
2025-03-05 14:27:58,37200.0,1700,Sell,276061491
2025-03-05 14:28:00,37200.0,1000,Buy,276061616
2025-03-05 14:28:01,37150.0,100,Sell,276061701
2025-03-05 14:28:01,37200.0,6800,Buy,276061792
2025-03-05 14:28:04,37200.0,1000,Buy,276062047
2025-03-05 14:28:04,37200.0,500,Buy,276062045
2025-03-05 14:28:04,37200.0,500,Buy,276062046
2025-03-05 14:28:07,37200.0,1000,Sell,276062335
2025-03-05 14:28:10,37200.0,1900,Sell,276062460
2025-03-05 14:28:11,37050.0,200,Sell,276062570
2025-03-05 14:28:11,37000.0,300,Sell,276062576
2025-03-05 14:28:11,37000.0,1000,Sell,276062575
2025-03-05 14:28:11,37000.0,500,Sell,276062574
2025-03-05 14:28:11,37050.0,200,Sell,276062573
2025-03-05 14:28:11,37050.0,200,Sell,276062572
2025-03-05 14:28:11,37050.0,200,Sell,276062571
2025-03-05 14:28:11,37050.0,1000,Sell,276062569
2025-03-05 14:28:11,37050.0,100,Sell,276062562
2025-03-05 14:28:11,37050.0,1000,Sell,276062567
2025-03-05 14:28:11,37050.0,500,Sell,276062566
2025-03-05 14:28:11,37050.0,100,Sell,276062565
2025-03-05 14:28:11,37050.0,400,Sell,276062564
2025-03-05 14:28:11,37050.0,100,Sell,276062563
2025-03-05 14:28:11,37000.0,30000,Sell,276062577
2025-03-05 14:28:11,37050.0,5000,Sell,276062561
2025-03-05 14:28:11,37050.0,3000,Sell,276062560
2025-03-05 14:28:11,37050.0,500,Sell,276062559
2025-03-05 14:28:11,37050.0,32200,Sell,276062568
2025-03-05 14:28:11,37000.0,100,Sell,276062578
2025-03-05 14:28:11,37000.0,800,Sell,276062585
2025-03-05 14:28:11,37000.0,100,Sell,276062580
2025-03-05 14:28:11,37000.0,3500,Sell,276062627
2025-03-05 14:28:11,37000.0,100,Sell,276062626
2025-03-05 14:28:11,37000.0,1000,Sell,276062625
2025-03-05 14:28:11,37000.0,1000,Sell,276062624
2025-03-05 14:28:11,37000.0,2000,Sell,276062623
2025-03-05 14:28:11,37000.0,1000,Sell,276062622
2025-03-05 14:28:11,37000.0,500,Sell,276062621
2025-03-05 14:28:11,37000.0,2000,Sell,276062620
2025-03-05 14:28:11,37000.0,2000,Sell,276062619
2025-03-05 14:28:11,37000.0,500,Sell,276062618
2025-03-05 14:28:11,37000.0,100,Sell,276062590
2025-03-05 14:28:11,37000.0,5000,Sell,276062589
2025-03-05 14:28:11,37000.0,1000,Sell,276062588
2025-03-05 14:28:11,37000.0,300,Sell,276062587
2025-03-05 14:28:11,37000.0,200,Sell,276062586
2025-03-05 14:28:11,37000.0,500,Sell,276062584
2025-03-05 14:28:11,37050.0,100,Sell,276062558
2025-03-05 14:28:11,37000.0,1000,Sell,276062582
2025-03-05 14:28:11,37000.0,200,Sell,276062581
2025-03-05 14:28:11,37000.0,1000,Sell,276062579
2025-03-05 14:28:11,37050.0,200,Sell,276062557
2025-03-05 14:28:11,37000.0,1000,Sell,276062583
2025-03-05 14:28:11,37050.0,1000,Sell,276062555
2025-03-05 14:28:11,37100.0,3000,Sell,276062531
2025-03-05 14:28:11,37100.0,10000,Sell,276062530
2025-03-05 14:28:11,37100.0,200,Sell,276062529
2025-03-05 14:28:11,37100.0,100,Sell,276062528
2025-03-05 14:28:11,37100.0,900,Sell,276062527
2025-03-05 14:28:11,37100.0,200,Sell,276062526
2025-03-05 14:28:11,37150.0,2000,Sell,276062525
2025-03-05 14:28:11,37150.0,800,Sell,276062524
2025-03-05 14:28:11,37150.0,300,Sell,276062523
2025-03-05 14:28:11,37150.0,200,Sell,276062522
2025-03-05 14:28:11,37150.0,5000,Sell,276062521
2025-03-05 14:28:11,37150.0,1000,Sell,276062520
2025-03-05 14:28:11,37150.0,200,Sell,276062519
2025-03-05 14:28:11,37150.0,200,Sell,276062518
2025-03-05 14:28:11,37150.0,200,Sell,276062517
2025-03-05 14:28:11,37150.0,200,Sell,276062516
2025-03-05 14:28:11,37050.0,1000,Sell,276062556
2025-03-05 14:28:11,37200.0,500,Sell,276062514
2025-03-05 14:28:11,37200.0,5100,Sell,276062513
2025-03-05 14:28:11,37100.0,1000,Sell,276062532
2025-03-05 14:28:11,37100.0,10000,Sell,276062533
2025-03-05 14:28:11,37150.0,16100,Sell,276062515
2025-03-05 14:28:11,37100.0,100,Sell,276062535
2025-03-05 14:28:11,37050.0,5000,Sell,276062554
2025-03-05 14:28:11,37100.0,100,Sell,276062553
2025-03-05 14:28:11,37100.0,200,Sell,276062552
2025-03-05 14:28:11,37100.0,200,Sell,276062551
2025-03-05 14:28:11,37100.0,100,Sell,276062534
2025-03-05 14:28:11,37100.0,200,Sell,276062549
2025-03-05 14:28:11,37100.0,200,Sell,276062548
2025-03-05 14:28:11,37100.0,12500,Sell,276062547
2025-03-05 14:28:11,37100.0,3000,Sell,276062546
2025-03-05 14:28:11,37100.0,200,Sell,276062550
2025-03-05 14:28:11,37100.0,100,Sell,276062544
2025-03-05 14:28:11,37100.0,200,Sell,276062543
2025-03-05 14:28:11,37100.0,400,Sell,276062542
2025-03-05 14:28:11,37100.0,2000,Sell,276062541
2025-03-05 14:28:11,37100.0,100,Sell,276062540
2025-03-05 14:28:11,37100.0,200,Sell,276062539
2025-03-05 14:28:11,37100.0,300,Sell,276062538
2025-03-05 14:28:11,37100.0,500,Sell,276062537
2025-03-05 14:28:11,37100.0,500,Sell,276062536
2025-03-05 14:28:11,37100.0,3000,Sell,276062545
2025-03-05 14:28:12,37000.0,500,Sell,276062768
2025-03-05 14:28:12,37000.0,1100,Sell,276062767
2025-03-05 14:28:12,37200.0,500,Sell,276062763
2025-03-05 14:28:12,37000.0,1500,Sell,276062765
2025-03-05 14:28:12,37200.0,400,Sell,276062764
2025-03-05 14:28:12,37000.0,500,Sell,276062766
2025-03-05 14:28:20,37200.0,500,Buy,276063450
2025-03-05 14:28:23,37150.0,5000,Sell,276063785
2025-03-05 14:28:30,37150.0,500,Buy,276064704
2025-03-05 14:28:43,37100.0,500,Sell,276066401
2025-03-05 14:28:43,37100.0,800,Sell,276066351
2025-03-05 14:28:43,37100.0,200,Sell,276066352
2025-03-05 14:28:46,37100.0,300,Sell,276066619
2025-03-05 14:28:46,37100.0,200,Sell,276066620
2025-03-05 14:28:48,37100.0,800,Sell,276066785
2025-03-05 14:28:48,37100.0,1000,Sell,276066786
2025-03-05 14:28:48,37100.0,100,Sell,276066787
2025-03-05 14:28:48,37100.0,3600,Sell,276066788
2025-03-05 14:28:48,37100.0,1200,Sell,276066789
2025-03-05 14:28:48,37100.0,100,Sell,276066790
2025-03-05 14:28:48,37100.0,300,Buy,276066792
2025-03-05 14:28:48,37100.0,200,Buy,276066793
2025-03-05 14:28:49,37100.0,2000,Buy,276066902
2025-03-05 14:28:50,37050.0,1000,Sell,276066979
2025-03-05 14:28:50,37100.0,10000,Buy,276066993
2025-03-05 14:28:51,37100.0,2000,Buy,276067038
2025-03-05 14:28:54,37100.0,2000,Buy,276067285
2025-03-05 14:28:55,37100.0,1400,Buy,276067374
2025-03-05 14:28:55,37100.0,500,Buy,276067375
2025-03-05 14:28:55,37100.0,100,Buy,276067398
2025-03-05 14:28:58,37100.0,300,Buy,276067689
2025-03-05 14:28:59,37100.0,500,Buy,276067735
2025-03-05 14:28:59,37050.0,500,Sell,276067750
2025-03-05 14:29:03,37100.0,17000,Buy,276068138
2025-03-05 14:29:04,37100.0,2000,Buy,276068261
2025-03-05 14:29:04,37100.0,3000,Buy,276068260
2025-03-05 14:29:04,37100.0,100,Buy,276068259
2025-03-05 14:29:04,37100.0,500,Buy,276068257
2025-03-05 14:29:04,37100.0,300,Buy,276068258
2025-03-05 14:29:04,37100.0,1000,Buy,276068255
2025-03-05 14:29:04,37100.0,1000,Buy,276068235
2025-03-05 14:29:04,37100.0,5900,Buy,276068252
2025-03-05 14:29:04,37100.0,1000,Buy,276068256
2025-03-05 14:29:04,37100.0,1500,Buy,276068254
2025-03-05 14:29:04,37100.0,2000,Buy,276068253
2025-03-05 14:29:05,37150.0,100,Buy,276068346
2025-03-05 14:29:08,37100.0,2500,Sell,276068547
2025-03-05 14:29:09,37100.0,200,Sell,276068571
2025-03-05 14:29:10,37100.0,300,Buy,276068715
2025-03-05 14:29:10,37100.0,100,Sell,276068756
2025-03-05 14:29:12,37100.0,600,Sell,276068909
2025-03-05 14:29:12,37100.0,100,Buy,276068929
2025-03-05 14:29:13,37100.0,500,Buy,276068956
2025-03-05 14:29:13,37100.0,500,Buy,276068957
2025-03-05 14:29:13,37100.0,100,Buy,276068971
2025-03-05 14:29:15,37100.0,500,Buy,276069080
2025-03-05 14:29:16,37100.0,200,Buy,276069204
2025-03-05 14:29:17,37100.0,1000,Buy,276069254
2025-03-05 14:29:18,37100.0,100,Buy,276069603
2025-03-05 14:29:18,37100.0,200,Buy,276069482
2025-03-05 14:29:19,37100.0,300,Buy,276069671
2025-03-05 14:29:20,37100.0,4000,Buy,276069917
2025-03-05 14:29:22,37100.0,100,Buy,276070105
2025-03-05 14:29:22,37100.0,4000,Buy,276070106
2025-03-05 14:29:23,37100.0,1000,Buy,276070131
2025-03-05 14:29:24,37050.0,1200,Sell,276070197
2025-03-05 14:29:24,37050.0,200,Sell,276070196
2025-03-05 14:29:24,37050.0,600,Sell,276070195
2025-03-05 14:29:24,37100.0,300,Buy,276070189
2025-03-05 14:29:24,37050.0,300,Sell,276070187
2025-03-05 14:29:24,37050.0,1000,Sell,276070186
2025-03-05 14:29:24,37050.0,200,Sell,276070185
2025-03-05 14:29:24,37050.0,300,Sell,276070184
2025-03-05 14:29:24,37050.0,500,Sell,276070183
2025-03-05 14:29:24,37050.0,400,Sell,276070188
2025-03-05 14:29:26,37100.0,500,Buy,276070338
2025-03-05 14:29:27,37100.0,100,Buy,276070440
2025-03-05 14:29:27,37100.0,10000,Buy,276070403
2025-03-05 14:29:27,37100.0,100,Buy,276070458
2025-03-05 14:29:27,37100.0,500,Buy,276070401
2025-03-05 14:29:27,37100.0,1000,Buy,276070385
2025-03-05 14:29:27,37100.0,4000,Buy,276070402
2025-03-05 14:29:27,37100.0,500,Buy,276070400
2025-03-05 14:29:30,37100.0,3000,Buy,276070668
2025-03-05 14:29:31,37100.0,100,Buy,276070787
2025-03-05 14:29:31,37100.0,300,Buy,276070801
2025-03-05 14:29:33,37100.0,200,Buy,276070960
2025-03-05 14:29:34,37100.0,700,Buy,276071058
2025-03-05 14:29:35,37050.0,10000,Sell,276071163
2025-03-05 14:29:35,37100.0,100,Buy,276071164
2025-03-05 14:29:36,37100.0,200,Buy,276071186
2025-03-05 14:29:37,37100.0,5000,Buy,276071283
2025-03-05 14:29:38,37100.0,200,Buy,276071353
2025-03-05 14:29:38,37100.0,1000,Buy,276071354
2025-03-05 14:29:38,37100.0,2500,Buy,276071355
2025-03-05 14:29:38,37100.0,1000,Buy,276071356
2025-03-05 14:29:38,37100.0,100,Buy,276071357
2025-03-05 14:29:38,37100.0,1700,Buy,276071358
2025-03-05 14:29:38,37100.0,1900,Buy,276071359
2025-03-05 14:29:38,37100.0,900,Buy,276071360
2025-03-05 14:29:38,37100.0,10000,Buy,276071454
2025-03-05 14:29:38,37100.0,700,Buy,276071352
2025-03-05 14:29:39,37100.0,100,Buy,276071507
2025-03-05 14:29:39,37100.0,200,Buy,276071508
2025-03-05 14:29:40,37100.0,200,Buy,276071562
2025-03-05 14:29:41,37100.0,100,Buy,276071647
2025-03-05 14:29:43,37100.0,100,Buy,276071771
2025-03-05 14:29:44,37100.0,10000,Buy,276071916
2025-03-05 14:29:44,37100.0,400,Buy,276071932
2025-03-05 14:29:44,37100.0,200,Buy,276071934
2025-03-05 14:29:46,37100.0,500,Buy,276072089
2025-03-05 14:29:47,37100.0,100,Buy,276072113
2025-03-05 14:29:48,37100.0,3200,Buy,276072164
2025-03-05 14:29:53,37150.0,1100,Buy,276072525
2025-03-05 14:29:53,37150.0,900,Buy,276072524
2025-03-05 14:29:53,37100.0,3000,Sell,276072500
2025-03-05 14:29:55,37150.0,200,Buy,276072687
2025-03-05 14:29:56,37150.0,200,Buy,276072714
2025-03-05 14:29:56,37150.0,500,Buy,276072715
2025-03-05 14:29:56,37150.0,400,Buy,276072716
2025-03-05 14:29:56,37150.0,200,Buy,276072768
2025-03-05 14:29:57,37150.0,1400,Buy,276072814
2025-03-05 14:29:57,37150.0,900,Buy,276072815
2025-03-05 14:29:57,37150.0,1000,Buy,276072816
2025-03-05 14:45:01,37100.0,946300,ATO/ATC,276074164
